# The 2MASS Redshift Survey
# Huchra et al., ApJS, in press
#
# http://tdc-www.harvard.edu/2mrs/
# catalog version 2.4, 2011 Dec 16
# maintained by Lucas Macri, lmacri@tamu.edu
#
# Entries in original input catalogs that have been rejected -- Galactic sources, pieces of galaxies, artifacts, etc. Corresponds to Table A1 in paper.
#
#ID               RAdeg      DECdeg       l          b        k_c    h_c    j_c    k_tc   h_tc   j_tc  e_k   e_h   e_j   e_kt  e_ht  e_jt   e_bv r_iso r_ext  b/a  flgs Comments
00031127-5444588   0.796456 -54.749447 317.341980 -61.008236 10.345 10.644 11.311 10.171 10.521 11.137 0.045 0.034 0.023 0.042 0.033 0.026 0.013 1.401 1.637 0.700 0000 Piece of galaxy 00031064-5444562
00240535-7204531   6.022330 -72.081444 305.895355 -44.889076  1.554  1.767  2.303  1.543  1.756  2.289 0.015 0.015 0.015 0.015 0.015 0.015 0.032 2.591 2.759 1.000 Z000 Globular cluster in SMC
00255209-0939420   6.467057  -9.661720 102.671875 -71.520531 11.735 12.005 12.702 11.509 11.647 12.671 0.087 0.063 0.042 0.083 0.058 0.057 0.045 1.281 1.581 0.560 0666 Piece of galaxy 00255246-0939427
00265282-7132113   6.719913 -71.536461 305.699860 -45.459538 11.323 11.589 11.737 11.323 11.589 11.737 0.121 0.087 0.035 0.064 0.052 0.021 0.033 1.534 1.534 0.740 0666 Globular cluster in SMC
00364578+2134078   9.190726  21.568726 118.397522 -41.173698 10.940 11.247 11.972 10.826 11.236 11.821 0.045 0.044 0.028 0.041 0.051 0.029 0.034 1.562 1.731 0.240 0222 Piece of galaxy 00364500+2133594
00460635-0143434  11.526516  -1.728643 119.828026 -64.568207 11.440 11.741 12.348 11.440 11.741 12.348 0.083 0.054 0.036 0.046 0.033 0.024 0.027 1.435 1.434 0.400 0222 Piece of galaxy 00460539-0143242
00520075+6821243  13.003078  68.356667 122.985130   5.485120 11.459 11.726 12.408 11.359 11.633 12.273 0.066 0.059 0.053 0.067 0.069 0.065 0.907 1.173 1.418 0.440 0333 Image flaw
00523957-2637338  13.164923 -26.625999 151.475372 -89.428619  9.949  9.370 10.901  9.949  9.370 10.901 0.091 0.044 0.050 0.045 0.022 0.028 0.013 1.894 1.894 0.360 0212 Star cluster (NGC 288)
00524844-2637078  13.201832 -26.618832 153.947418 -89.406075 10.972 10.636 11.818 10.972 10.636 11.818 0.105 0.059 0.046 0.052 0.030 0.028 0.012 1.627 1.627 0.320 0111 Star cluster (NGC 288)
00525061-2635148  13.210793 -26.587456 153.102539 -89.374962  8.423  8.037  9.316  8.423  8.037  9.316 0.051 0.028 0.029 0.026 0.014 0.014 0.012 2.001 2.001 0.380 0111 Star cluster (NGC 288)
00525389-2635418  13.224545 -26.594919 154.421341 -89.375107 10.333  9.876 11.363 10.333  9.876 11.363 0.087 0.045 0.048 0.044 0.043 0.028 0.012 1.791 1.907 0.340 0222 Star cluster (NGC 288)
00584209+5628334  14.675556  56.475990 123.941048  -6.381392 10.355 11.238 12.205 10.043 10.861 11.929 0.045 0.066 0.062 0.055 0.083 0.096 0.538 1.412 1.753 0.660 0113 Image flaw
01024864-0624482  15.702662  -6.413338 130.877502 -69.109413 11.344 11.710 12.390 11.250 11.577 12.254 0.069 0.038 0.032 0.062 0.039 0.035 0.122 1.455 1.639 0.300 0666 Piece of galaxy 01024825-0624419
01081982-7252599  17.082254 -72.883286 301.199982 -44.188084  8.547  8.661  9.318  8.547  8.550  9.131 0.025 0.018 0.014 0.013 0.022 0.016 0.102 1.751 1.964 0.800 0111 Star cluster in SMC (NGC 419)
01240782-7309037  21.032909 -73.151115 299.660675 -43.768841 10.864 11.550 11.876 10.558 11.482 11.627 0.041 0.043 0.021 0.056 0.086 0.036 0.228 1.212 1.689 0.940 0333 HII region in SMC
01244565+0959356  21.190176   9.993226 136.335617 -52.009117 10.321 10.539 11.270 10.249 10.379 11.058 0.034 0.021 0.016 0.033 0.021 0.019 0.086 1.458 1.671 0.160 0666 Piece of galaxy 01244588+0959403
01244585+0959406  21.191038   9.994645 136.336487 -52.007553  9.409  9.682 10.442  9.409  9.682 10.442 0.022 0.015 0.013 0.011 0.007 0.007 0.086 1.909 1.909 0.200 0666 Piece of galaxy 01244588+0959403
01500012+5354469  27.500463  53.913048 131.578125  -7.972534 10.390 11.087 11.827  9.927 10.650 11.615 0.049 0.067 0.052 0.065 0.101 0.108 0.434 1.456 1.864 0.440 0111 Image flaw
01533610+4357488  28.400396  43.963539 134.597687 -17.495476 11.494 11.866 12.490 11.311 11.733 12.209 0.063 0.057 0.038 0.057 0.061 0.038 0.066 1.248 1.472 0.640 0111 Piece of galaxy 01533629+4357558
01550198-2600581  28.758250 -26.016130 212.062960 -75.746730 11.724 12.600 13.004 11.724 12.600 13.004 0.418 0.419 0.248 0.244 0.306 0.178 0.012 1.775 1.775 1.000 0666 Piece of galaxy 01545983-2601101
02041855+2839171  31.077297  28.655008 141.710449 -31.545584 10.960 11.292 11.982 10.863 11.165 11.851 0.050 0.032 0.023 0.043 0.030 0.024 0.063 1.228 1.457 0.840 0000 Piece of galaxy 02041854+2839224
02115327+7026364  32.971748  70.443489 129.617386   8.623237 11.454 12.071 13.132 11.330 12.054 12.970 0.088 0.085 0.079 0.079 0.100 0.091 0.946 1.354 1.554 0.420 0661 Piece of galaxy 02115039+7026384
02175760+1433128  34.490040  14.553516 152.304520 -43.329033 10.624 10.701 11.501 10.624 10.701 11.501 0.088 0.040 0.037 0.044 0.020 0.022 0.113 1.559 1.558 0.280 0666 Piece of galaxy 02175963+1432387
02213358+7038115  35.389595  70.636612 130.323593   9.069452 11.485 11.866 12.746 11.379 11.456 12.322 0.068 0.064 0.048 0.066 0.054 0.044 0.964 1.204 1.434 0.860 0111 Piece of galaxy 02213090+7038118
02224353+4225299  35.681389  42.424961 140.385162 -17.331861 11.337 12.304 12.131 11.337 12.304 12.131 0.115 0.178 0.052 0.116 0.225 0.033 0.065 1.772 1.906 0.160 0333 Piece of galaxy 02223290+4220539
02351028+2051182  38.792778  20.855045 153.207565 -35.845333 11.425 11.819 12.349 10.890 11.183 11.896 0.105 0.079 0.053 0.070 0.055 0.045 0.132 1.417 1.603 0.360 0111 Piece of galaxy 02351012+2051052
02352867-0921306  38.869431  -9.358526 181.967194 -59.694885 10.149 10.388 11.005 10.149 10.388 11.005 0.048 0.031 0.020 0.024 0.016 0.011 0.027 1.747 1.748 0.540 0666 Piece of galaxy 02352772-0921216
02400769-3432105  40.032116 -34.536274 237.299347 -65.607742 11.560 11.805 12.192 11.520 11.772 12.057 0.058 0.039 0.021 0.060 0.045 0.023 0.023 0.996 1.285 0.820 0000 Star cluster in Fornax Dwarf Irr
02480619-1357272  42.025871 -13.957579 192.974518 -59.789661 10.622 10.923 11.584 10.505 10.830 11.452 0.049 0.030 0.022 0.042 0.028 0.022 0.024 1.436 1.626 0.600 0666 Piece of galaxy 02480598-1357332
02543312+4135059  43.638046  41.584969 146.349747 -15.621040  9.670  9.975 10.763  9.670  9.975 10.763 0.063 0.057 0.046 0.031 0.029 0.025 0.115 1.868 1.868 0.420 0666 Piece of galaxy 02542739+4134467
02570697+1731116  44.279137  17.519896 160.813950 -35.943775 10.795 11.056 11.881 10.795 11.056 11.881 0.057 0.042 0.031 0.028 0.023 0.019 0.191 1.509 1.509 0.360 0262 Piece of galaxy 02570755+1730514
02580958+0321332  44.539982   3.359268 172.957672 -46.831917 10.713 11.023 11.692 10.712 10.860 11.570 0.057 0.049 0.032 0.071 0.044 0.031 0.125 1.483 1.631 0.540 0111 Piece of galaxy 02581028+0321429
02594195+3849571  44.924747  38.832561 148.637497 -17.553423 11.423 12.215 13.670 11.416 12.215 13.667 0.105 0.108 0.133 0.110 0.073 0.203 0.089 1.365 1.534 0.420 0222 Image flaw
03011363+4453125  45.306793  44.886917 145.813339 -12.141339  9.206  9.490  9.363  9.206  9.490  9.363 0.028 0.023 0.009 0.014 0.011 0.004 0.219 1.594 1.594 0.520 0222 Piece of galaxy 03011417+4453500
03052888+3347421  46.370213  33.794895 152.430664 -21.287292 11.638 11.947 12.684 11.526 11.901 12.603 0.065 0.051 0.042 0.064 0.060 0.051 0.301 1.299 1.509 0.280 0000 Piece of galaxy 03052855+3347369
03054653+0404325  46.443863   4.075588 174.224777 -45.002758 11.219 12.181 13.715 11.084 12.181 13.559 0.053 0.049 0.078 0.048 0.033 0.101 0.121 1.336 1.544 0.100 0550 Image flaw
03060493-1536318  46.520481 -15.608930 199.645096 -56.734486  9.051  9.259  9.940  9.051  9.259  9.940 0.029 0.017 0.014 0.014 0.008 0.007 0.037 1.770 1.770 0.500 0222 Piece of galaxy 03060302-1536405
03060656+4221569  46.527275  42.365803 147.888947 -13.886843 10.474 10.810 11.534 10.232 10.631 11.227 0.042 0.032 0.026 0.040 0.036 0.028 0.164 1.417 1.685 0.380 0133 Piece of galaxy 03060989+4222189
03122133-5512149  48.088608 -55.204155 270.511566 -52.120914 11.396 11.582 11.737 11.395 11.582 11.737 0.115 0.070 0.036 0.115 0.042 0.022 0.014 1.456 1.610 0.340 0666 Globular cluster in MW (NGC 1261)
03130674+2837586  48.278084  28.632961 156.984894 -24.713560 11.273 11.626 12.324 11.105 11.447 12.135 0.066 0.048 0.037 0.058 0.048 0.040 0.317 1.276 1.494 0.800 0111 Piece of galaxy 03130666+2838056
03171816+3813062  49.325760  38.218506 152.039062 -16.273352 11.678 11.965 12.591 11.678 11.965 12.591 0.072 0.053 0.044 0.043 0.036 0.031 0.340 1.403 1.403 0.240 0000 Image flaw
03205285+3815118  50.220203  38.253410 152.626419 -15.853551 11.474 11.677 12.292 10.937 11.337 12.044 0.093 0.067 0.051 0.106 0.099 0.087 0.247 1.352 1.822 0.860 0166 Piece of galaxy 03205179+3815145
03235432-3730243  50.976376 -37.506783 240.650833 -56.416885 11.356 11.474 12.149 11.356 11.474 12.149 0.088 0.053 0.042 0.047 0.031 0.027 0.024 1.483 1.483 0.620 0222 Piece of galaxy 03235400-3730449 
03252513-1613416  51.354782 -16.228291 203.999146 -52.772064 11.260 11.620 12.258 11.260 11.620 12.258 0.091 0.055 0.044 0.048 0.033 0.028 0.041 1.794 1.795 0.107 0000 Piece of galaxy 03252491-1613594
03284709+3633086  52.196320  36.552429 154.980896 -16.343197 11.594 11.777 12.711 11.153 11.161 12.099 0.072 0.051 0.051 0.076 0.052 0.057 0.294 1.567 1.930 0.120 0222 Piece of galaxy 03284660+3633226 
03303609-1756222  52.650356 -17.939615 207.377853 -52.284260 11.019 11.206 11.939 10.736 11.206 11.642 0.100 0.063 0.041 0.087 0.035 0.043 0.038 1.480 1.727 0.680 0000 Piece of galaxy 03303589-1756289
03414562+4352582  55.440033  43.882896 152.519150  -8.989005 11.277 12.458 13.960 11.087 12.431 13.924 0.046 0.071 0.111 0.056 0.139 0.254 0.518 1.152 1.581 0.680 0111 Star
03422921-1328208  55.621731 -13.472465 202.781433 -47.873230 10.491 10.669 11.348 10.314 10.495 11.165 0.054 0.030 0.021 0.047 0.026 0.021 0.068 1.398 1.616 0.780 0000 Piece of galaxy 03422928-1329168 
03490433-4851278  57.268036 -48.857788 257.651642 -49.613411 11.244 11.366 12.152 11.244 11.366 12.152 0.103 0.063 0.049 0.054 0.036 0.031 0.010 1.438 1.437 0.720 0616 Piece of galaxy 03490774-4851294
03554380-4222233  58.932610 -42.373150 247.462982 -49.768867 10.766 10.984 11.568 10.766 10.984 11.568 0.070 0.049 0.033 0.067 0.026 0.039 0.012 1.684 1.809 0.220 0111 Piece of galaxy 03554474-4222024
03562202+3352292  59.091736  33.874912 161.277618 -14.890846 11.444 12.195 12.253 11.420 12.134 12.217 0.031 0.030 0.017 0.032 0.038 0.020 0.247 0.929 1.212 0.800 0033 Planetary nebula
03571019-2852351  59.292404 -28.876463 226.626465 -49.228615  9.866 10.122 10.833  9.796 10.007 10.768 0.032 0.023 0.017 0.035 0.021 0.020 0.009 1.597 1.767 0.240 0000 Piece of galaxy 03570996-2852451
03574379-4854581  59.432514 -48.916138 257.176025 -48.223721 10.947 10.993 11.832 10.945 10.993 11.832 0.110 0.058 0.051 0.107 0.060 0.031 0.006 1.452 1.605 1.000 0000 Piece of galaxy 03574243-4854305
03582180-4427585  59.590908 -44.466251 250.545227 -49.004105 10.184 10.508 11.210 10.082 10.508 11.143 0.038 0.027 0.021 0.040 0.013 0.026 0.013 1.831 1.985 0.200 0666 Piece of galaxy 03582336-4428024
03593698-6738033  59.904129 -67.634277 281.371063 -40.726665  8.657  8.941  9.602  8.605  8.905  9.550 0.020 0.015 0.011 0.023 0.018 0.013 0.062 2.022 2.157 0.360 0666 Piece of galaxy 03593747-6738062
04241322+3054522  66.055206  30.914558 167.737976 -12.894913 11.106 11.522 12.509 11.106 11.522 12.509 0.036 0.029 0.028 0.018 0.017 0.019 0.603 1.508 1.508 0.200 0343 Piece of galaxy 04241377+3054563
04313407+1808048  67.892014  18.134695 178.928360 -20.047503  9.255 10.608 12.413  9.255 10.550 12.230 0.018 0.040 0.062 0.034 0.037 0.071 0.872 1.551 1.690 0.400 0000 Star (HH 154)
04314438+1808318  67.935120  18.142141 178.949677 -20.011002 10.291 11.751 99.999  9.796 11.550 15.758 0.060 0.123 9.999 0.053 0.173 0.266 0.856 1.491 1.774 0.480 000n Star (HH 454)
04335902-5951487  68.495857 -59.863438 270.025635 -40.282646 11.331 13.949 16.605 10.754 13.949 15.666 0.102 0.291 1.393 0.099 0.291 0.103 0.021 1.540 1.894 0.520 0000 Image flaw
04341298+7200034  68.554520  72.000893 138.345245  16.181255  9.473 10.220 11.736  9.473 10.220 11.736 0.062 0.074 0.102 0.076 0.089 0.149 0.191 1.863 1.973 0.780 0666 Image flaw
04342962+7312243  68.623749  73.206673 137.393661  16.970276 11.481 11.724 12.348 11.088 11.487 12.116 0.087 0.063 0.044 0.083 0.077 0.058 0.133 1.365 1.734 0.600 0222 Piece of galaxy 04342894+7312173 
04544316-6248020  73.679909 -62.800503 272.886047 -37.149582 11.744 11.767 12.318 11.744 11.767 12.318 0.132 0.062 0.043 0.077 0.038 0.028 0.034 1.511 1.510 0.340 0000 Piece of galaxy 04544451-6247592
04562861+2200371  74.119217  22.010187 179.492386 -13.053519 11.531 11.628 12.364 11.379 11.380 12.224 0.079 0.043 0.040 0.077 0.041 0.045 0.412 1.303 1.513 0.320 0000 Piece of galaxy 04562867+2200320 
04571495-6844422  74.312286 -68.745087 279.938660 -35.390667 11.676 12.472 12.740 11.676 12.472 12.740 0.156 0.175 0.109 0.091 0.125 0.076 0.075 1.360 1.359 0.740 0222 Planetary nebula
04571624-6623202  74.317757 -66.389038 277.143921 -36.024300 11.225 11.922 12.193 11.047 11.787 12.046 0.067 0.067 0.038 0.066 0.083 0.047 0.075 1.121 1.436 0.660 0000 HII region in LMC
04590950-6744370  74.789459 -67.743668 278.697021 -35.494648  9.756  9.942 10.353  9.477  9.872 10.297 0.090 0.067 0.042 0.085 0.076 0.051 0.218 1.954 2.091 0.500 0666 Star cluster in LMC (NGC 1786)
05001448-0321178  75.060417  -3.354949 202.648972 -26.170158 11.549 11.807 12.410 11.091 11.437 12.212 0.101 0.059 0.043 0.104 0.073 0.066 0.051 1.310 1.706 0.320 0666 Piece of galaxy 05001569-0321088
05005871-6933562  75.244446 -69.565727 280.788055 -34.842274 11.209 12.390 13.872 11.192 12.244 13.603 0.038 0.055 0.090 0.035 0.060 0.214 0.276 0.924 1.151 0.660 0222 Star
05012418+5119517  75.350761  51.331421 156.774948   5.691884 11.440 12.573 11.954 11.381 12.510 11.878 0.039 0.065 0.021 0.040 0.094 0.025 0.746 0.898 1.197 0.700 0000 Star
05084571+3116380  77.190559  31.277281 173.615158  -5.321717 10.319 10.682 11.557 10.319 10.682 11.557 0.039 0.038 0.028 0.037 0.038 0.034 0.701 1.498 1.646 0.440 0113 Piece of galaxy 05084540+3116199
05123023-7024219  78.126045 -70.406082 281.463013 -33.673058 11.684 12.508 12.751 11.465 12.430 12.648 0.092 0.106 0.069 0.091 0.148 0.091 0.075 1.130 1.423 0.820 0333 Planetary nebula
05203358-6646437  80.139595 -66.778709 277.015808 -33.681335 11.731 12.188 12.372 11.727 11.783 12.316 0.143 0.116 0.059 0.156 0.099 0.069 0.075 1.428 1.590 0.460 0311 HII region in LMC (NGC 1920)
05273778-6727305  81.907028 -67.458336 277.693665 -32.898392 11.509 12.186 12.522 11.509 12.186 12.522 0.064 0.057 0.038 0.036 0.038 0.026 0.075 1.049 1.049 0.640 0133 Star
05304266-6717108  82.678131 -67.286446 277.443634 -32.627548 10.810 11.227 11.153 10.244 11.227 10.736 0.099 0.084 0.036 0.081 0.047 0.035 0.299 1.599 1.882 0.620 0114 Star cluster in LMC (NGC 2004)
05305522-6627595  82.730003 -66.466553 276.474030 -32.707603 11.724 11.750 11.906 11.165 11.278 11.436 0.121 0.077 0.041 0.122 0.088 0.047 0.075 1.207 1.586 0.840 0111 Star cluster in LMC (NGC 2003)
05331099-3623486  83.295815 -36.396851 241.044571 -30.693806 10.297 10.524 11.251 10.297 10.524 11.251 0.056 0.036 0.030 0.028 0.018 0.017 0.038 1.790 1.790 0.220 0666 Piece of galaxy 05331289-3623556
05344057-2913566  83.669289 -29.232382 233.168808 -28.552752 10.547 10.712 11.488 10.421 10.499 11.333 0.057 0.027 0.024 0.049 0.023 0.028 0.026 1.422 1.615 0.740 0666 Piece of galaxy 05344138-2913557
05363258+1638561  84.135735  16.648865 189.395538  -8.225619 10.943 11.307 12.120 10.391 11.286 12.032 0.081 0.047 0.040 0.075 0.083 0.071 0.563 1.425 1.805 0.840 0666 Piece of galaxy 05363237+1638291
05382261-7041134  84.594055 -70.687065 281.317230 -31.505238 10.874 11.641 12.252 10.696 11.582 12.252 0.088 0.095 0.077 0.080 0.107 0.104 0.814 1.540 1.749 0.360 0224 Star cluster in LMC (NGC 2075)
05383396-6905457  84.641602 -69.096039 279.461151 -31.684843  7.490  8.099  8.294  7.490  8.099  8.294 0.016 0.017 0.009 0.008 0.008 0.005 0.075 1.846 1.846 0.740 0666 HII region in LMC
05383549-6904437  84.647865 -69.078827 279.440765 -31.684587 10.056 10.842 10.725 10.009 10.676 10.646 0.053 0.060 0.025 0.047 0.051 0.024 0.075 1.528 1.672 0.360 0221 HII region in LMC
05383796-6903297  84.658165 -69.058334 279.416321 -31.683264 10.043 10.788 10.743 10.043 10.788 10.743 0.094 0.104 0.046 0.047 0.054 0.025 0.075 1.606 1.606 0.960 0111 Star in LMC (Dor IRS 63)
05384066-6900218  84.669289 -69.006126 279.354828 -31.685219 10.696 11.465 11.677 10.696 11.465 11.677 0.143 0.144 0.082 0.072 0.084 0.049 0.075 1.770 1.770 0.220 0222 Reflection Nebula in LMC (NGC 2069)
05385378-6904589  84.724121 -69.083038 279.442047 -31.657059  7.065  7.874  8.012  6.848  7.870  8.011 0.012 0.014 0.008 0.012 0.015 0.008 0.075 2.071 2.173 0.460 0111 HII region in LMC
05385471-6905329  84.727890 -69.092491 279.452881 -31.654655  9.186 10.081 10.067  9.120  9.978  0.075 0.040 0.054 0.026 0.040 0.052 0.026 0.075 1.652 1.812 0.340 0666 HII region in LMC
05390293-6905260  84.762070 -69.090401 279.448853 -31.642771 11.022 11.878 11.889 10.995 11.806 11.533 0.080 0.082 0.041 0.074 0.089 0.039 0.075 1.188 1.372 0.720 0222 Infrared Source in LMC (Dor IRS 169)
05393773-6945410  84.907303 -69.761337 280.224365 -31.515219 10.437 11.550 12.394  9.955 11.515 12.394 0.094 0.136 0.127 0.149 0.385 0.411 0.075 1.465 1.897 0.640 0222 Star in LMC
05394014-6946193  84.917236 -69.772026 280.236359 -31.510557  9.912 10.716 10.898  9.865 10.619 10.832 0.052 0.064 0.035 0.050 0.060 0.036 0.075 1.391 1.585 0.920 0222 Star in LMC
05395275-6945178  84.969742 -69.754967 280.213989 -31.494503 10.096 10.944 11.294  9.550 10.923 11.101 0.071 0.089 0.054 0.095 0.203 0.118 0.075 1.473 1.950 0.740 0666 HII region in LMC
05452779-6946220  86.365677 -69.772865 280.175934 -31.012440 11.540 12.133 12.578 11.439 11.972 12.305 0.082 0.067 0.045 0.081 0.074 0.047 0.075 1.093 1.354 0.900 0333 Star cluster in LMC (NGC 2113)
05464670-1647083  86.694710 -16.785583 221.313477 -21.647766  9.529  9.802 10.702  9.442  9.705 10.570 0.037 0.026 0.022 0.034 0.024 0.022 0.084 1.635 1.797 0.400 0666 Piece of galaxy 05464746-1646574
05494563-7012437  87.440285 -70.212265 280.648804 -30.608339 10.228 11.348 12.457 10.157 11.226 12.065 0.033 0.045 0.049 0.029 0.042 0.044 0.471 1.179 1.364 0.580 0333 Star cluster in LMC (KMHK 1427)
05512118-6921328  87.838654 -69.359062 279.648956 -30.532187 11.138 11.324 11.814 10.875 11.057 11.483 0.069 0.039 0.024 0.096 0.063 0.038 0.292 1.179 1.640 0.660 0111 Star cluster in LMC (NGC 2127)
05562386+4606175  89.099548  46.104767 166.156418  10.475551  9.715 10.326 10.384  9.699 10.308 10.372 0.010 0.010 0.005 0.011 0.011 0.006 0.233 1.124 1.374 0.800 0000 Planetary nebula
05571929-5222215  89.330338 -52.372662 260.075439 -29.225714 11.631 12.090 12.894 11.339 12.089 12.881 0.082 0.076 0.055 0.078 0.107 0.084 0.060 1.444 1.775 0.280 0611 Piece of galaxy 05571768-5222152
05573751-6715496  89.406219 -67.263779 277.197510 -30.038132 10.452 10.628 11.034 10.079 10.170 10.556 0.071 0.051 0.029 0.081 0.055 0.035 0.065 1.467 1.796 0.620 0221 Star cluster in LMC (NGC 2154)
06003883-0950384  90.161697  -9.844020 216.112137 -15.706161 11.246 12.335 14.075 11.218 12.202 14.031 0.039 0.042 0.067 0.037 0.047 0.106 0.981 0.949 1.197 0.900 0000 Star
06045758-0635165  91.239950  -6.588010 213.572200 -13.319700 11.062 11.775 12.900 10.820 11.701 12.575 0.049 0.043 0.046 0.069 0.087 0.084 0.324 1.079 1.556 0.780 0000 Image flaw
06055724-3557521  91.488716 -35.964489 242.485214 -24.192995 11.226 11.622 12.291 11.221 11.502 12.285 0.060 0.044 0.037 0.136 0.044 0.135 0.075 1.412 1.573 0.260 0000 Piece of galaxy 06055794-3557494
06062602-8637579  91.607880 -86.632774 299.200226 -27.735828  9.758 10.351 11.166  9.639  9.975 10.859 0.039 0.038 0.031 0.052 0.039 0.038 0.140 1.562 1.913 0.380 0222 Piece of galaxy 06054236-8637553
06103285+7122451  92.637138  71.379158 142.807220  22.438025 10.195 10.473 11.218 10.195 10.473 11.218 0.052 0.044 0.031 0.026 0.022 0.018 0.228 1.900 1.901 0.140 0000 Piece of galaxy 06103633+7123100
06142300-6950424  93.595657 -69.845139 280.162628 -28.517450 10.727 10.658 11.081 10.727 10.658 11.081 0.076 0.040 0.022 0.038 0.020 0.012 0.076 1.645 1.646 0.700 0666 Star cluster in LMC (Hodge 11)
06181070+7822337  94.544487  78.376038 135.627106  24.878897 11.195 11.454 12.070 11.195 11.454 12.070 0.103 0.068 0.047 0.054 0.040 0.029 0.096 1.652 1.653 0.120 0212 Piece of galaxy 06183771+7821252
06190436+0309321  94.768074   3.158925 206.403534  -5.736277 10.089 10.459 11.421 10.089 10.418 11.421 0.041 0.035 0.031 0.043 0.031 0.018 0.722 1.680 1.806 0.420 0111 Piece of galaxy 06190264+0309512
06201364+6635053  95.056831  66.584831 148.010681  21.741535 11.152 11.511 12.147 10.993 11.127 11.999 0.066 0.052 0.035 0.057 0.042 0.038 0.109 1.320 1.529 0.760 0111 Piece of galaxy 06201164+6635058
06262209-5341259  96.591888 -53.690624 262.371704 -25.149374 10.352 10.772 11.422 10.352 10.772 11.422 0.069 0.058 0.041 0.034 0.031 0.024 0.094 1.638 1.639 0.460 0222 Piece of galaxy 06262045-5341358
06292334+7429437  97.346992  74.495453 139.950272  24.616236 11.108 11.402 12.194 10.993 11.321 12.104 0.065 0.040 0.033 0.058 0.042 0.039 0.136 1.428 1.616 0.420 0666 Piece of galaxy 06292061+7429337
06422328+5310451 100.597382  53.179192 162.557175  20.118937 11.557 11.890 12.655 11.501 11.804 12.578 0.052 0.042 0.033 0.053 0.047 0.041 0.085 1.346 1.559 0.240 0333 Piece of galaxy 06422385+5310451 
06442732-1755568 101.113869 -17.932508 228.268417  -9.566316 11.663 11.894 12.630 11.663 11.894 12.630 0.084 0.048 0.042 0.049 0.030 0.029 0.416 1.413 1.412 0.260 0000 Piece of galaxy 06442769-1755566
06455204-1811513 101.466797 -18.197592 228.657715  -9.378158 11.189 11.437 11.978 11.189 11.437 11.978 0.129 0.086 0.055 0.067 0.050 0.034 0.383 1.565 1.565 0.620 0111 Piece of galaxy 06455279-1812389
07021384+2513365 105.557716  25.226772 191.215561  13.429186 11.091 13.234 14.427 11.091 13.234 14.427 0.071 0.176 0.227 0.036 0.149 0.203 0.067 1.567 1.567 0.820 0333 Image flaw
07021515-2756556 105.563133 -27.948679 239.232925 -10.173279 11.232 12.899 14.477 11.152 12.899 14.477 0.107 0.195 0.209 0.097 0.152 0.190 0.149 1.507 1.690 0.300 0331 Image flaw
07030234+4925206 105.759789  49.422466 167.437180  22.062984 11.146 11.635 12.210 10.994 11.435 12.109 0.058 0.048 0.032 0.049 0.046 0.035 0.099 1.375 1.573 0.520 0222 Piece of galaxy 07030285+4925276
07051537-1839124 106.314148 -18.653379 231.117905  -5.453040 11.387 11.620 12.187 11.135 11.486 12.128 0.074 0.043 0.036 0.084 0.061 0.059 0.465 1.146 1.531 0.780 0333 Image flaw
07094814-2734153 107.450462 -27.570877 239.625656  -8.505417 10.869 10.980 11.729 10.839 10.980 11.729 0.106 0.045 0.043 0.113 0.024 0.026 0.169 1.600 1.733 0.260 0666 Piece of galaxy 07094687-2734083
07111990+2622322 107.832870  26.375530 190.967361  15.765284 10.602 10.896 11.638 10.602 10.896 11.585 0.054 0.039 0.029 0.055 0.037 0.031 0.088 1.534 1.676 0.460 0111 Piece of galaxy 07111958+2622175
07160361+6442315 109.015381  64.708916 151.386185  26.939644 10.192 10.474 11.128 10.060 10.342 11.027 0.043 0.033 0.023 0.037 0.028 0.024 0.081 1.486 1.664 0.820 0222 Piece of galaxy 07160408+6442415
07171337-2855037 109.305695 -28.917772 241.580063  -7.644804 11.465 11.787 12.577 11.288 11.556 12.407 0.088 0.044 0.046 0.079 0.044 0.051 0.226 1.446 1.679 0.320 0666 Piece of galaxy 07171375-2855007
07212674+2311006 110.361389  23.183521 194.959442  16.638058 10.449 10.691 11.391 10.449 10.691 11.391 0.052 0.036 0.026 0.052 0.038 0.033 0.077 1.601 1.735 0.480 0111 Piece of galaxy 07212664+2311167
07271181+8544540 111.798889  85.748390 127.677025  27.709188 10.596 10.876 11.503 10.360 10.876 11.374 0.073 0.059 0.036 0.073 0.031 0.045 0.100 1.474 1.737 0.500 0666 Piece of galaxy 07271448+8545162
07310660-0559482 112.777237  -5.996750 222.837997   6.016266 11.115 11.658 12.198 11.099 11.573 11.777 0.029 0.022 0.016 0.037 0.030 0.017 0.125 0.857 1.333 0.720 0000 Image flaw
07350830-4655512 113.784645 -46.930813 259.537567 -12.587092 10.679 11.041 11.857 10.679 11.041 11.857 0.065 0.051 0.044 0.032 0.028 0.027 0.222 1.749 1.749 0.140 0111 Piece of galaxy 07350685-4655334
07351941-5015019 113.830864 -50.250610 262.614655 -14.020824 11.553 11.693 12.395 11.353 11.583 12.257 0.100 0.061 0.049 0.091 0.066 0.056 0.214 1.324 1.529 0.800 0111 Piece of galaxy 07351844-5014596
07372016+3524106 114.334007  35.402985 183.994141  24.109030 11.513 12.211 12.901 11.513 12.211 12.901 0.506 0.483 0.416 0.282 0.325 0.294 0.043 1.875 1.875 1.000 0444 Image flaw
07380545-5511511 114.522583 -55.197445 267.423676 -15.767303 11.679 11.850 12.660 11.440 11.463 12.452 0.104 0.056 0.052 0.098 0.050 0.060 0.148 1.225 1.523 0.720 0222 Piece of galaxy 07380552-5511267
07383288-6846104 114.637032 -68.769585 280.607239 -21.054438 11.116 11.426 12.168 10.813 10.813 11.611 0.079 0.051 0.042 0.078 0.043 0.041 0.213 1.310 1.681 0.900 0666 Piece of galaxy 07383214-6846144
07403690+3913568 115.153786  39.232441 180.135086  25.797186 11.229 11.431 12.163 11.021 11.041 11.705 0.058 0.034 0.026 0.052 0.030 0.023 0.050 1.389 1.678 0.320 0121 Piece of galaxy 07403931+3914003
07493232+8356013 117.385406  83.933739 129.616165  28.491138 10.097 10.235 10.641  9.703  9.817 10.291 0.057 0.040 0.021 0.062 0.042 0.025 0.061 1.565 1.865 0.780 0000 Image flaw
07504810+7421171 117.700775  74.354836 140.457077  30.037643 10.489 10.800 11.458 10.489 10.800 11.458 0.049 0.040 0.025 0.077 0.021 0.027 0.028 1.627 1.759 0.480 0000 Piece of galaxy 07504991+7421277
08124369-1443158 123.182190 -14.721395 235.628632  10.549135 11.742 12.034 12.836 11.722 11.868 12.635 0.049 0.028 0.027 0.072 0.039 0.039 0.072 0.875 1.352 0.840 0000 Star
08192941+7043221 124.872231  70.722733 144.265915  32.720913 10.962 10.880 12.535 10.962 10.880 12.535 0.160 0.083 0.118 0.080 0.044 0.079 0.032 1.636 1.637 1.000 0222 HII region in MW
08230989-7751099 125.790970 -77.852768 290.876892 -21.888762 11.106 11.354 12.033 10.932 10.986 11.546 0.084 0.053 0.037 0.072 0.043 0.030 0.113 1.403 1.623 0.700 0222 Piece of galaxy 08230823-7751073
08351591+2828216 128.816391  28.472654 195.455215  34.042812 10.526 10.619 11.370 10.526 10.619 11.370 0.050 0.033 0.024 0.025 0.017 0.014 0.039 1.628 1.628 0.880 0666 Piece of galaxy 08351736+2828246
08453453+7259512 131.394012  72.997688 141.001068  34.081421 10.914 11.223 12.060 10.828 11.119 11.969 0.042 0.034 0.027 0.041 0.034 0.032 0.032 1.588 1.769 0.200 0000 Piece of galaxy 08453501+7259560
09045569+5955589 136.232193  59.933006 155.920502  39.784927  9.913 10.144 10.857  9.843 10.057 10.770 0.029 0.026 0.017 0.034 0.024 0.023 0.036 1.615 1.781 0.340 0000 Piece of galaxy 09045685+5955586
09054355+1820276 136.431534  18.341015 209.985214  37.635426 10.626 11.007 11.911 10.552 10.954 11.878 0.041 0.035 0.027 0.035 0.033 0.030 0.034 1.555 1.726 0.500 0666 Piece of galaxy 09054305+1820226
09111950+6001188 137.831085  60.021847 155.528152  40.531872  9.357 10.521 11.218  9.357 10.521 11.218 0.066 0.132 0.084 0.033 0.066 0.048 0.042 2.009 2.008 0.600 0222 Piece of galaxy 09113750+6002139
09134430-6938238 138.434601 -69.640007 285.950867 -14.321066  9.053  9.751 10.793  9.053  9.751 10.793 0.036 0.031 0.032 0.018 0.016 0.017 0.095 1.630 1.630 1.000 0111 Piece of galaxy 09135049-6938420
09135114+7629035 138.462906  76.484276 136.240860  34.364113  8.919  9.196  9.979  8.919  9.196  9.979 0.030 0.024 0.019 0.015 0.012 0.010 0.027 2.041 2.041 0.140 0122 Piece of galaxy 09134319+7628311
09182511-3917188 139.604752 -39.288555 264.253082   7.085606 11.334 11.655 12.459 11.149 11.451 12.174 0.077 0.048 0.045 0.069 0.048 0.045 0.298 1.220 1.478 0.720 0222 Piece of galaxy 09182611-3917123
09194108+8021351 139.921646  80.359718 132.063065  32.640755 10.787 10.685 12.289 10.787 10.685 12.289 0.425 0.257 0.340 0.213 0.132 0.221 0.025 1.942 1.942 1.000 0222 Image flaw
09233708-1026104 140.904541 -10.436128 242.397614  27.181633 11.578 11.837 12.352 11.578 11.837 12.352 0.112 0.058 0.044 0.064 0.037 0.029 0.041 1.470 1.470 0.500 0111 Piece of galaxy 09233654-1026014
09275371+5722316 141.973831  57.375443 158.064316  43.373028 10.417 10.651 11.379 10.278 10.566 11.253 0.045 0.038 0.025 0.043 0.037 0.031 0.038 1.689 1.852 0.340 0666 Piece of galaxy 09275602+5722204 
09282727-6047468 142.113647 -60.796402 280.553772  -7.079987 10.923 11.187 11.962 10.923 11.187 11.962 0.048 0.027 0.027 0.024 0.015 0.017 0.282 1.173 1.172 0.740 0222 Piece of galaxy 09282648-6048064
09305599-3541034 142.733353 -35.684296 263.446503  11.388404 11.159 11.404 12.085 11.159 11.404 12.085 0.112 0.067 0.056 0.058 0.039 0.036 0.212 1.461 1.460 0.420 0666 Piece of galaxy 09305393-3541183
09402777-3250318 145.115921 -32.842243 262.901428  14.804644 10.424 10.759 11.504 10.424 10.746 11.293 0.052 0.035 0.030 0.100 0.033 0.028 0.133 1.665 1.799 0.280 0244 Piece of galaxy 09402873-3250368
09404610-4112329 145.192078 -41.209137 268.699615   8.655248 10.387 10.877 11.546 10.387 10.583 11.546 0.520 0.462 0.379 0.531 0.431 0.236 0.454 1.985 2.088 1.000 0111 Image flaw
09474417-3250247 146.933945 -32.840179 264.071320  15.834205 10.664 10.977 11.673 10.451 10.538 11.200 0.073 0.053 0.040 0.064 0.042 0.034 0.130 1.447 1.700 0.440 0112 Piece of galaxy 09474350-3250148
09542870-1838247 148.619568 -18.640213 254.873306  27.285172 10.128 10.388 11.023  9.943 10.388 10.775 0.060 0.034 0.027 0.057 0.017 0.027 0.046 1.537 1.777 0.760 0666 Piece of galaxy 09542791-1838202
09582294+3222001 149.595581  32.366692 194.228546  52.326866 10.179 10.551 11.214 10.179 10.551 11.214 0.039 0.037 0.024 0.019 0.019 0.014 0.015 1.573 1.573 0.760 0666 Piece of galaxy 09582105+3222119
10000634-3133337 150.026459 -31.559303 265.276093  18.510567  8.974  9.280  9.922  8.974  9.280  9.922 0.063 0.049 0.038 0.032 0.025 0.019 0.069 1.948 1.948 0.500 0111 Piece of galaxy 10000582-3133101
10031628-6458309 150.817902 -64.975220 286.322906  -7.676871 11.235 11.448 12.072 10.654 10.475 12.066 0.139 0.090 0.072 0.121 0.062 0.130 0.229 1.346 1.687 0.320 0133 Piece of galaxy 10031866-6458029
10041561-7455527 151.065475 -74.931305 292.571991 -15.533550 11.213 11.560 12.266 10.889 11.560 12.264 0.096 0.061 0.047 0.089 0.036 0.071 0.324 1.607 1.916 0.800 0666 Piece of galaxy 10041771-7455500
10042956+1446017 151.123169  14.767285 221.950867  49.324619 11.675 12.135 12.960 11.509 12.134 12.881 0.071 0.060 0.049 0.068 0.077 0.063 0.032 1.417 1.656 0.220 0666 Piece of galaxy 10042949+1446147
10111613-3541460 152.817032 -35.696129 269.874725  16.694984 10.984 11.362 11.964 10.741 11.238 11.674 0.099 0.065 0.046 0.086 0.073 0.048 0.130 1.453 1.722 0.680 0666 Piece of galaxy 10111491-3541416
10161714-3334098 154.071426 -33.569382 269.420715  19.019056 10.252 10.510 11.189 10.058 10.291 10.960 0.057 0.036 0.027 0.057 0.036 0.031 0.096 1.453 1.729 0.680 0666 Piece of galaxy 10161866-3333498
10221991+2134305 155.582916  21.575123 213.964233  55.714340 10.192 10.734 11.474 10.106 10.660 11.354 0.036 0.036 0.024 0.034 0.037 0.029 0.024 1.623 1.786 0.420 0666 Piece of galaxy 10221998+2134105
10250807+1709182 156.283707  17.154987 221.657639  54.827385 10.832 10.918 11.573 10.832 10.918 11.573 0.081 0.054 0.032 0.040 0.029 0.019 0.032 1.623 1.624 0.460 0111 Piece of galaxy 10250486+1709492 
10294193+6850407 157.424683  68.844810 139.666000  43.389553 11.478 11.790 12.616 11.405 11.695 12.521 0.058 0.046 0.034 0.055 0.049 0.045 0.045 1.428 1.630 0.200 0000 Piece of galaxy 10294146+6850482
10353610-3941026 158.900406 -39.684074 276.356079  16.076637 11.179 12.779 12.722 11.177 12.779 12.722 0.168 0.270 0.110 0.169 0.399 0.076 0.089 1.447 1.602 1.000 0000 Star
10375961-8105312 159.498688 -81.092026 297.746033 -19.595573 11.750 12.127 12.634 11.186 12.127 12.634 0.112 0.069 0.054 0.099 0.084 0.037 0.104 1.556 1.937 0.780 0666 Piece of galaxy 10380093-8105512
10384596+5330050 159.691513  53.501461 156.606644  54.063808  8.637  8.861  9.501  8.573  8.770  9.413 0.016 0.014 0.009 0.016 0.013 0.009 0.022 1.687 1.842 0.760 0122 Piece of galaxy 10384585+5330118 
10421741-0022318 160.572678  -0.375533 249.157898  48.536469 11.421 11.524 12.344 11.200 11.148 12.084 0.096 0.044 0.040 0.086 0.037 0.042 0.047 1.279 1.545 0.620 0161 Piece of galaxy 10421797-0022365
10480915+4819598 162.038223  48.333027 163.030838  58.074215 11.257 11.605 12.321 11.174 11.500 12.178 0.046 0.033 0.025 0.044 0.034 0.031 0.016 1.207 1.435 0.460 0000 Piece of galaxy 10480931+4819532
10495593+3259264 162.482971  32.990765 192.899963  63.162876 11.335 11.638 12.191 10.899 10.988 11.459 0.061 0.041 0.028 0.068 0.043 0.028 0.025 1.292 1.738 0.480 0666 Piece of galaxy 10495512+3259261
10505297+1325197 162.720718  13.422108 232.851852  58.703876  8.939  9.152  9.818  8.939  9.152  9.796 0.018 0.011 0.009 0.009 0.011 0.008 0.028 1.572 1.739 0.860 0666 Piece of galaxy 10505331+1324437
10544101-2104113 163.670837 -21.069717 269.579742  34.132061 10.390 10.656 11.271 10.239 10.542 11.160 0.050 0.037 0.024 0.044 0.036 0.026 0.055 1.563 1.780 0.580 0666 Piece of galaxy 10544007-2103596
10581325-5026492 164.555206 -50.446949 285.157410   8.476291 10.131 10.379 11.166 10.131 10.379 11.166 0.055 0.045 0.034 0.028 0.023 0.019 0.288 1.640 1.640 0.520 0166 Piece of galaxy 10581260-5026359
11000954+4544210 165.039902  45.739147 165.394669  61.153736 10.963 11.277 11.995 10.963 11.277 11.995 0.054 0.039 0.030 0.027 0.022 0.019 0.011 1.672 1.673 0.180 0000 Piece of galaxy 11001137+4544158
11075254-4632334 166.968994 -46.542690 285.001709  12.692152 10.284 10.510 11.190 10.284 10.510 11.190 0.086 0.061 0.048 0.043 0.031 0.027 0.137 1.548 1.548 0.680 0222 Piece of galaxy 11074851-4631339
11095234+6217193 167.468048  62.288776 141.420074  51.038105 11.506 11.781 12.494 11.300 11.610 12.282 0.068 0.048 0.033 0.061 0.049 0.035 0.015 1.378 1.633 0.340 0666 Piece of galaxy 11095177+6217303
11095583-3732345 167.482758 -37.542900 281.574219  21.083151  8.690  8.696  9.687  8.690  8.696  9.687 0.020 0.012 0.013 0.010 0.006 0.006 0.101 1.737 1.737 0.500 0666 Piece of galaxy 11095773-3732216 
11112561+5544358 167.856705  55.743229 148.247177  56.192444  9.920  9.523 12.190  9.920  9.523 12.190 0.084 0.057 0.139 0.042 0.029 0.089 0.016 1.925 1.925 0.480 0666 Image flaw
11263106+1652010 171.629395  16.866917 236.131836  67.850517  9.785 10.194 10.901  9.785 10.194 10.901 0.024 0.026 0.015 0.012 0.013 0.008 0.026 1.631 1.632 0.400 0111 Piece of galaxy 11262980+1651475
11280164+2930527 172.006744  29.514587 200.616806  71.514198 11.139 11.438 12.125 10.793 11.028 11.782 0.068 0.052 0.037 0.066 0.054 0.045 0.022 1.338 1.695 0.380 0666 Piece of galaxy 11280056+2930397
11282505+0924272 172.104401   9.407524 251.139114  63.581860  9.613  9.878 10.601  9.522  9.846 10.558 0.038 0.022 0.020 0.035 0.024 0.022 0.032 1.893 2.044 0.240 0666 Piece of galaxy 11282405+0924279
11300463-7807296 172.519714 -78.124916 298.666138 -15.932410 11.300 11.579 12.135 11.250 11.579 11.942 0.098 0.057 0.044 0.093 0.034 0.044 0.226 1.241 1.463 0.660 0222 Image flaw
11362964-0950330 174.123489  -9.842663 274.212708  48.805042 11.645 11.918 12.575 11.132 11.918 12.575 0.129 0.070 0.058 0.105 0.097 0.073 0.030 1.507 1.790 0.360 0222 Piece of galaxy 11363017-0950480
11395069+6813310 174.961349  68.225334 132.652451  47.529144 10.927 12.465 14.091 10.561 12.188 14.091 0.072 0.116 0.196 0.071 0.179 0.464 0.009 1.401 1.688 1.000 0222 Image flaw
11405341+5612073 175.222565  56.202026 141.634521  58.290661 11.597 11.769 12.379 11.591 11.551 12.084 0.078 0.047 0.034 0.089 0.045 0.032 0.013 1.502 1.681 0.580 0000 Piece of galaxy 11405425+5612080
11460182-5622504 176.507599 -56.380718 293.924713   5.342895 11.175 11.676 12.371 10.631 11.676 12.371 0.105 0.072 0.075 0.119 0.044 0.049 0.387 1.378 1.776 0.660 0222 Piece of galaxy 11460646-5623280
11555763+0645030 178.990143   6.750814 267.534973  65.734497  9.723  9.956 10.695  9.655  9.873 10.632 0.036 0.021 0.019 0.035 0.020 0.020 0.013 1.576 1.744 0.380 0666 Piece of galaxy 11555729+0644580
11564096+3201334 179.170670  32.025917 187.278961  77.139915 11.351 11.712 12.501 11.225 11.517 12.385 0.063 0.041 0.036 0.055 0.043 0.040 0.031 1.547 1.727 0.320 0666 Piece of galaxy 11564415+3201178
11584734+1542534 179.697174  15.715001 253.301773  73.279190 11.260 11.562 12.276 11.144 11.423 12.129 0.040 0.030 0.022 0.037 0.031 0.026 0.056 1.250 1.471 0.560 0000 Piece of galaxy 11584705+1542584
12023450+2049021 180.643723  20.817150 239.817627  77.188164 11.738 12.042 12.898 11.738 12.042 12.898 0.089 0.064 0.058 0.203 0.042 0.074 0.026 1.554 1.714 0.160 0000 Piece of galaxy 12023388+2048558
12040147+2013489 181.006180  20.230299 242.865860  77.149734 10.894 11.223 11.918 10.682 10.997 11.678 0.065 0.044 0.032 0.055 0.041 0.033 0.035 1.428 1.666 0.960 0222 Piece of galaxy 12040140+2013559
12064443+1742419 181.685150  17.711750 253.017700  76.037109 10.789 11.097 11.831 10.789 11.097 11.831 0.046 0.037 0.025 0.052 0.021 0.015 0.039 1.677 1.816 0.240 0000 Piece of galaxy 12064443+1742551
12073681+0241319 181.903381   2.692209 277.837128  63.408314 11.444 11.582 12.302 11.237 11.115 11.933 0.096 0.053 0.045 0.090 0.042 0.046 0.022 1.487 1.673 0.360 0666 Piece of galaxy 12073715+0241255
12092960+4341171 182.373337  43.688011 147.302399  71.401260  9.077  9.289  9.955  9.030  9.202  9.905 0.018 0.015 0.010 0.017 0.014 0.010 0.014 1.612 1.774 0.760 0666 Piece of galaxy 12092978+4341071
12103463+5818144 182.644180  58.304062 133.063263  58.013367 10.895 11.243 12.040 10.856 10.819 11.613 0.032 0.028 0.020 0.046 0.030 0.025 0.020 1.464 1.881 0.220 0222 Piece of galaxy 12103285+5818137
12114097-3832588 182.920746 -38.549667 294.457001  23.666979 10.769 11.216 11.904 10.628 10.663 11.544 0.051 0.038 0.028 0.061 0.038 0.034 0.083 1.494 1.861 0.200 0222 Piece of galaxy 12114208-3832548
12125263+0117468 183.219284   1.296434 281.626953  62.562233  8.966  9.233  9.877  8.920  9.194  9.838 0.023 0.014 0.013 0.024 0.016 0.014 0.033 1.633 1.795 0.360 0666 Piece of galaxy 12125210+0117588
12170941+1519330 184.289291  15.325816 267.180084  75.760063 10.151 10.403 11.117 10.026 10.331 10.990 0.039 0.030 0.020 0.035 0.027 0.020 0.030 1.480 1.677 0.720 0661 Piece of galaxy 12171141+1519262
12195619+0520201 184.984146   5.339001 282.535980  66.954964 10.336 10.526 11.119 10.188 10.417 10.907 0.065 0.039 0.029 0.061 0.038 0.030 0.019 1.584 1.814 0.740 0666 Piece of galaxy 12195606+0520361
12240308-4151523 186.012848 -41.864563 297.485321  20.717373 11.396 11.863 12.800 11.362 11.668 12.318 0.043 0.031 0.032 0.052 0.036 0.032 0.098 0.964 1.345 0.460 0000 Image flaw
12242438-7550319 186.101868 -75.842064 301.238831 -13.059219 11.008 11.328 12.088 10.731 11.328 12.088 0.091 0.061 0.050 0.080 0.035 0.362 0.342 1.543 1.865 0.340 0666 Piece of galaxy 12242466-7550239
12260374+1306432 186.515671  13.112113 278.734161  74.778839  9.663  9.856 10.677  9.344  9.856 10.603 0.035 0.031 0.023 0.044 0.015 0.038 0.029 1.718 2.075 0.340 0111 Piece of galaxy 12260756+1306460
12265891+1502197 186.745407  15.038814 276.501373  76.638763 10.384 10.571 11.303 10.274 10.420 11.180 0.035 0.028 0.020 0.032 0.025 0.020 0.033 1.362 1.572 0.320 0666 Piece of galaxy 12265643+1502507
12273867-0816514 186.911102  -8.280943 292.853485  54.124493 10.313 10.638 11.296 10.250 10.540 11.157 0.047 0.034 0.022 0.044 0.032 0.022 0.029 1.447 1.646 0.620 0666 Piece of galaxy 12273860-0816424
12284424+1145408 187.184357  11.761333 282.709686  73.735199 10.107 10.269 10.947 10.022  9.955 10.781 0.042 0.027 0.020 0.046 0.037 0.023 0.030 1.561 1.882 0.240 0222 Piece of galaxy 12284331+1145177
12285683+0334183 187.236908   3.571692 289.110443  65.838020 10.150 10.388 11.006 10.150 10.388 11.006 0.050 0.029 0.024 0.025 0.015 0.013 0.022 1.373 1.373 1.000 0000 Piece of galaxy 12285901+0334141
12290653-4040199 187.277313 -40.672310 298.367950  22.001478 11.564 11.852 12.593 11.383 11.726 12.440 0.079 0.049 0.042 0.075 0.056 0.049 0.081 1.530 1.737 0.200 0333 Piece of galaxy 12290719-4040245
12330668+8233506 188.278290  82.563995 123.650948  34.538807 10.870 11.431 11.443 10.844 11.398 11.368 0.030 0.028 0.012 0.029 0.031 0.017 0.135 1.041 1.317 0.900 0111 Planetary nebula
12334020+0910395 188.417496   9.177622 288.940155  71.564980 10.644 10.934 11.592 10.353 10.727 11.411 0.078 0.055 0.039 0.078 0.063 0.051 0.021 1.549 1.866 0.460 0666 Piece of galaxy 12333965+0910295
12340796-0947562 188.533203  -9.798766 295.863708  52.835274 11.731 12.194 12.725 11.578 11.856 12.319 0.087 0.068 0.043 0.091 0.070 0.048 0.034 1.111 1.402 0.540 0000 Piece of galaxy 12340823-0947518
12363409+2556109 189.142090  25.936430 231.811081  86.467155 10.523 10.811 11.635 10.056 10.242 11.070 0.049 0.048 0.034 0.063 0.059 0.048 0.016 1.441 1.811 9.999 0000 Piece of galaxy 12362080+2559146
12395091-4106089 189.962006 -41.102592 300.582123  21.716265 10.467 10.749 11.455 10.467 10.636 11.315 0.063 0.038 0.031 0.072 0.033 0.030 0.151 1.646 1.775 0.380 0222 Piece of galaxy 12395026-4106243
12413292+4107257 190.387268  41.123848 130.574203  75.857452 11.705 12.082 12.620 11.704 12.082 12.620 0.113 0.086 0.058 0.126 0.108 0.039 0.021 1.461 1.614 0.560 0222 Piece of galaxy 12413284+4109027
12422507-0702456 190.604553  -7.045919 298.952759  55.756069 11.251 11.461 12.207 11.070 10.922 11.878 0.098 0.050 0.041 0.084 0.039 0.038 0.030 1.394 1.617 0.360 0111 Piece of galaxy 12422554-0702364
12461608+0820457 191.566956   8.346050 298.965210  71.177887 11.683 11.882 12.717 11.355 11.562 12.255 0.097 0.053 0.052 0.101 0.060 0.057 0.023 1.210 1.596 0.620 0222 Piece of galaxy 12461549+0820540 
12494210+2653266 192.425690  26.891064 244.381073  89.546455 10.556 10.852 11.552 10.379 10.718 11.427 0.036 0.027 0.021 0.034 0.029 0.024 0.012 1.310 1.564 0.760 0000 Piece of galaxy 12494226+2653312
12495017+0251105 192.459137   2.852900 301.959351  65.721550 10.350 10.568 11.285 10.169 10.568 11.285 0.063 0.038 0.031 0.054 0.019 0.018 0.034 1.731 1.913 0.180 0000 Piece of galaxy 12495026+0251051
12501062+7252561 192.544128  72.882240 123.061523  44.245842 10.940 11.232 11.846 10.817 11.232 11.840 0.074 0.051 0.038 0.064 0.029 0.045 0.020 1.297 1.507 1.000 0666 Piece of galaxy 12500736+7252281
12523798-3901518 193.158295 -39.030979 303.185669  23.840178 11.367 11.546 12.216 11.027 11.546 12.216 0.085 0.043 0.038 0.081 0.052 0.025 0.094 1.465 1.775 0.380 0222 Piece of galaxy 12523901-3901418
12550306+0804143 193.762802   8.070546 305.669189  70.923012 11.020 11.385 11.937 10.889 11.379 11.937 0.074 0.051 0.032 0.064 0.070 0.020 0.034 1.369 1.577 0.880 0111 Piece of galaxy 12550289+0803555
12573583-4944454 194.399200 -49.746014 303.953400  13.113527  9.688 10.072 10.795  9.688 10.072 10.795 0.039 0.027 0.025 0.019 0.014 0.013 0.206 1.559 1.559 0.720 0611 Piece of galaxy 12573614-4945044
13015042-0819518 195.460144  -8.331072 307.360657  54.451149 10.847 11.085 11.813 10.708 10.933 11.704 0.060 0.039 0.028 0.050 0.035 0.032 0.048 1.583 1.785 0.380 0116 Piece of galaxy 13014956-0820104
13051669-4925022 196.319565 -49.417339 305.244995  13.392250 10.308 11.020 11.557 10.308 11.020 11.557 0.109 0.130 0.079 0.054 0.071 0.047 0.177 1.808 1.808 0.440 0666 Piece of galaxy 13052727-4928044
13054928-0800419 196.455353  -8.011716 309.099884  54.687634  9.326  9.528 10.169  9.270  9.444 10.133 0.027 0.015 0.012 0.026 0.013 0.012 0.047 1.491 1.671 0.840 0666 Piece of galaxy 13054892-0801135
13073308-4500417 196.887772 -45.011665 305.921265  17.766541 10.952 11.086 11.818 10.950 11.086 11.818 0.109 0.053 0.046 0.110 0.029 0.028 0.099 1.487 1.638 0.720 0111 Piece of galaxy 13073250-4500497
13120529+4611469 198.022232  46.196266 112.178665  70.498550 10.652 10.851 11.565 10.403 10.619 11.444 0.057 0.036 0.029 0.057 0.036 0.036 0.013 1.574 1.851 0.580 0666 Piece of galaxy 13120625+4611458
13150715-3708472 198.779800 -37.146339 308.157562  25.485001 11.429 11.466 12.341 11.093 10.900 11.953 0.092 0.046 0.044 0.091 0.039 0.050 0.066 1.241 1.587 0.720 0111 Piece of galaxy 13150682-3708342
13193834-1242052 199.909698 -12.701402 313.575073  49.586639 10.369 10.653 11.354 10.001 10.357 11.151 0.064 0.038 0.030 0.071 0.044 0.044 0.049 1.512 1.850 0.840 0222 Piece of galaxy 13193805-1241562
13214638-5649131 200.443375 -56.820389 307.095184   5.805959 11.361 11.536 12.135 11.265 11.386 12.010 0.092 0.065 0.064 0.090 0.068 0.074 0.772 1.338 1.551 0.320 0666 Piece of galaxy 13214625-5649231
13245297-3020059 201.220856 -30.334940 311.441101  31.983587 10.337 10.602 11.333 10.238 10.497 11.232 0.044 0.029 0.024 0.041 0.027 0.026 0.074 1.531 1.707 0.560 0666 Piece of galaxy 13245359-3020009
13275726-3129577 201.988571 -31.499321 311.986633  30.729572 10.016 10.301 10.978 10.016 10.301 10.978 0.054 0.028 0.024 0.027 0.014 0.013 0.050 1.687 1.686 0.460 0666 Piece of galaxy 13275688-3129437
13354056-2404128 203.919037 -24.070263 315.721130  37.700394 10.312 10.555 11.274 10.220 10.445 11.165 0.049 0.028 0.022 0.043 0.024 0.022 0.097 1.571 1.741 0.400 0666 Piece of galaxy 13354136-2404258
13361501+3820381 204.062500  38.343929  85.809402  75.375595 10.256 10.536 11.242 10.155 10.421 11.108 0.029 0.021 0.015 0.027 0.019 0.015 0.007 1.577 1.745 0.320 0000 Piece of galaxy 13361539+3820345
13370618-2953185 204.275726 -29.888510 314.599854  31.946501  9.949 10.968 10.748  9.949 10.968 10.748 0.038 0.049 0.019 0.019 0.027 0.010 0.068 1.422 1.421 0.420 0222 Piece of galaxy 13370091-2951567
13462220+4607116 206.592575  46.119911  96.735199  68.114578 11.162 11.331 12.065 10.876 10.943 11.609 0.084 0.049 0.038 0.075 0.044 0.036 0.017 1.326 1.582 0.567 0000 Piece of galaxy 13462465+4606266
13480575-3032165 207.024078 -30.537886 317.130768  30.766890 11.133 11.437 12.102 11.132 11.437 12.102 0.063 0.053 0.035 0.227 0.189 0.022 0.062 1.501 1.649 0.480 0000 Piece of galaxy 13480654-3032046
13533756+3608101 208.406662  36.136082  71.082764  74.022057 11.187 11.423 12.096 10.883 11.167 11.788 0.064 0.040 0.028 0.062 0.046 0.033 0.013 1.334 1.681 0.680 0666 Piece of galaxy 13533847+3608031
13535790-2737310 208.491318 -27.625269 319.514099  33.225094 10.853 11.098 11.834 10.699 10.835 11.667 0.072 0.044 0.033 0.064 0.039 0.036 0.068 1.400 1.626 0.500 0666 Piece of galaxy 13535843-2737234
13561035+0514388 209.043121   5.244196 340.971802  63.229797  9.398  9.623 10.326  9.387  9.623 10.326 0.052 0.032 0.029 0.052 0.016 0.015 0.027 1.647 1.776 0.400 0333 Piece of galaxy 13560724+0515169
13583793+3724564 209.658096  37.415676  73.140572  72.508247 10.339 10.594 11.286 10.243 10.576 11.165 0.037 0.025 0.018 0.033 0.025 0.018 0.010 1.538 1.710 0.980 0666 Piece of galaxy 13583793+3725284
13594914+3811206 209.954849  38.189079  74.883736  71.900452 10.578 10.850 11.895  9.996 10.232 11.227 0.045 0.030 0.028 0.074 0.051 0.053 0.009 1.358 1.835 0.120 0000 Piece of galaxy 13595082+3810568 
14080439-3318147 212.018311 -33.304089 320.842712  26.888294 10.572 10.828 11.464 10.314 10.828 11.226 0.074 0.047 0.034 0.074 0.025 0.040 0.072 1.530 1.816 0.500 0666 Piece of galaxy 14080314-3318542
14155567-4807185 213.982071 -48.121841 317.190796  12.396950 10.300 10.554 11.284 10.300 10.554 11.284 0.063 0.047 0.036 0.032 0.024 0.020 0.204 1.623 1.623 0.460 0666 Piece of galaxy 14155467-4806535
14164713+2300140 214.196365  23.003786  25.589439  70.264099 11.586 11.953 12.734 11.442 11.691 12.442 0.054 0.045 0.032 0.056 0.051 0.034 0.025 1.415 1.675 0.180 0000 Piece of galaxy 14164715+2300083
14200543+0359285 215.022568   3.991232 349.256104  58.646069 10.083 10.340 11.122  9.977 10.212 10.987 0.047 0.029 0.025 0.041 0.025 0.027 0.030 1.551 1.722 0.280 0666 Piece of galaxy 14200449+0359335
14201249-6821595 215.051544 -68.366661 310.995056  -6.895689 10.573 10.770 11.431 10.348 10.507 11.162 0.070 0.044 0.047 0.068 0.046 0.054 0.513 1.326 1.629 0.660 0333 Star
14271045+3555192 216.793411  35.921959  62.267120  67.861160 11.008 11.441 12.289 10.934 11.299 12.177 0.038 0.032 0.025 0.050 0.030 0.053 0.013 1.410 1.601 0.180 0000 Piece of galaxy 14271001+3555145
14272548-8746101 216.856415 -87.769524 303.933319 -25.086994  9.908 10.115 10.818  9.908 10.115 10.818 0.053 0.031 0.026 0.026 0.015 0.015 0.125 1.711 1.711 0.240 0313 Piece of galaxy 14272069-8746200
14335665-7823278 218.486511 -78.391029 308.141876 -16.569592  9.560  9.888 10.591  9.376  9.887 10.591 0.038 0.026 0.021 0.046 0.038 0.036 0.128 1.605 1.945 0.400 0666 Piece of galaxy 14340127-7823148
14421842+2530426 220.576736  25.511570  35.524467  65.153503 11.686 11.943 12.727 11.686 11.943 12.727 0.060 0.040 0.032 0.035 0.026 0.022 0.031 1.336 1.337 0.380 0000 Piece of galaxy 14421797+2530333
14472431-1726580 221.851318 -17.449411 338.468170  37.294109 10.529 10.863 11.603 10.529 10.863 11.603 0.068 0.042 0.033 0.034 0.022 0.020 0.099 1.839 1.839 0.220 0666 Piece of galaxy 14472416-1726440
15054378+4424012 226.432312  44.400452  74.570206  58.084980 11.225 11.596 12.425 11.225 11.595 12.425 0.053 0.034 0.030 0.156 0.128 0.019 0.021 1.553 1.719 0.140 0000 Piece of galaxy 15054354+4424180
15264539-6623033 231.689438 -66.384407 317.627289  -8.051167 10.637 10.916 11.784 10.637 10.916 11.784 0.067 0.050 0.047 0.034 0.027 0.029 0.183 1.387 1.387 0.600 0222 Piece of galaxy 15264576-6623105
15300893-3838593 232.537125 -38.649811 333.929626  14.487260 11.317 11.519 12.178 11.234 11.150 11.900 0.065 0.041 0.034 0.065 0.035 0.034 0.188 1.496 1.693 0.280 0122 Piece of galaxy 15300835-3839034
15323238+8304490 233.135910  83.080185 117.644394  32.308041 10.743 11.069 11.823 10.664 10.986 11.762 0.039 0.028 0.023 0.037 0.031 0.025 0.085 1.452 1.635 0.280 0000 Piece of galaxy 15323506+8304433
15330596-0137519 233.274796  -1.631011   3.051102  41.632740 11.236 11.496 12.135 11.236 11.496 12.015 0.091 0.052 0.042 0.120 0.031 0.046 0.152 1.579 1.717 0.320 0111 Piece of galaxy 15330561-0137417
15375266+5923382 234.469482  59.393948  93.218712  46.991524  9.356  9.671 10.433  9.356  9.671 10.433 0.021 0.019 0.014 0.010 0.010 0.007 0.025 1.867 1.868 0.180 0000 Piece of galaxy 15375345+5923304 
15450634-3417378 236.276428 -34.293827 339.157990  16.090948 11.639 12.596 13.722 11.571 12.526 13.507 0.062 0.075 0.094 0.063 0.100 0.122 0.782 1.076 1.161 0.640 0000 Star (HH 986)
15530737-7449230 238.281219 -74.823059 314.120911 -16.053865 11.026 11.218 12.088 10.881 11.057 11.932 0.090 0.049 0.046 0.074 0.044 0.047 0.113 1.380 1.575 0.660 0262 Piece of galaxy 15531068-7449310
16013973+2121296 240.415527  21.358215  36.058071  46.505836 11.244 11.696 12.411 11.034 11.353 12.411 0.093 0.068 0.048 0.078 0.059 0.059 0.071 1.322 1.541 1.000 0666 Piece of galaxy 16014023+2121106
16031382-6407028 240.807266 -64.117432 322.070099  -8.628094 11.311 11.517 12.104 10.726 11.205 12.079 0.123 0.081 0.068 0.135 0.127 0.148 0.192 1.336 1.813 0.780 0222 Piece of galaxy 16031236-6406551
16053453-0559397 241.393982  -5.994352   5.113792  32.580399 11.563 11.923 12.723 11.546 11.895 12.254 0.037 0.025 0.025 0.052 0.039 0.026 0.206 0.813 1.290 0.760 0000 Star
16125713-3613263 243.238098 -36.223972 342.183044  10.859122 10.424 12.043 12.317  9.949 12.020 12.317 0.062 0.137 0.080 0.082 0.350 0.052 0.783 1.613 1.987 0.360 0555 Planetary nebula
16254283-7210527 246.428680 -72.181282 317.757629 -15.805860  8.654  8.699  9.814  8.654  8.699  9.814 0.049 0.035 0.036 0.025 0.018 0.018 0.108 1.894 1.894 0.780 0222 Globular cluster in MW (NGC 6101)
16254446-7213207 246.435333 -72.222397 317.727234 -15.834828 10.722 10.669 11.838 10.640 10.669 11.838 0.098 0.063 0.057 0.090 0.032 0.035 0.102 1.408 1.600 0.840 0111 Globular cluster in MW (NGC 6101)
16254574-7209017 246.440643 -72.150490 317.783997 -15.788019  9.681  9.752 11.234  9.681  9.752 11.234 0.078 0.057 0.072 0.075 0.055 0.079 0.110 1.721 1.841 0.440 0222 Globular cluster in MW (NGC 6101)
16255333-7209479 246.472412 -72.163315 317.780823 -15.803826  8.988  8.993 10.379  8.988  8.993 10.379 0.064 0.045 0.057 0.032 0.023 0.030 0.109 2.042 2.042 0.620 0666 Globular cluster in MW (NGC 6101)
16255350-7210568 246.473129 -72.182564 317.766083 -15.816835  7.771  7.812  8.846  7.771  7.812  8.846 0.038 0.027 0.026 0.019 0.014 0.013 0.108 2.034 2.034 0.660 0222 Globular cluster in MW (NGC 6101)
16260414-7212240 246.517181 -72.206703 317.756744 -15.842975  9.124  9.216 10.466  9.124  9.216 10.466 0.057 0.043 0.046 0.029 0.021 0.024 0.104 2.041 2.041 0.520 0222 Globular cluster in MW (NGC 6101)
16260770-7209400 246.532089 -72.161034 317.795258 -15.815919  9.807  9.708 11.019  9.807  9.708 11.019 0.089 0.061 0.067 0.044 0.030 0.037 0.109 1.787 1.787 0.560 0111 Globular cluster in MW (NGC 6101)
16271650-7210378 246.818832 -72.177208 317.843414 -15.892242  9.709 10.111 99.999  9.709 10.111 15.120 0.110 0.114 9.999 0.131 0.057 0.215 0.104 1.766 1.883 1.000 066n Globular cluster in MW (NGC 6101)
16274793-2630396 246.949677 -26.510958 351.638519  15.281650  8.841  9.415 10.401  8.841  9.415 10.401 0.054 0.053 0.059 0.062 0.061 0.070 0.474 1.779 1.895 1.000 0111 Image flaw
16282913-2611553 247.121414 -26.198685 351.986664  15.373693 10.960 10.941 11.728 10.960 10.941 11.728 0.154 0.078 0.068 0.077 0.042 0.041 0.765 1.494 1.494 0.700 0111 Image flaw
16323615-1303075 248.150558 -13.051942   3.386247  22.997950  9.377  9.483  9.860  9.377  9.483  9.860 0.051 0.032 0.021 0.050 0.032 0.020 0.463 1.703 1.826 0.780 0666 Globular cluster in MW (M 107)
16331360-2958570 248.306427 -29.982584 349.780670  12.084415 11.205 11.787 12.489 11.090 11.780 12.239 0.047 0.043 0.032 0.050 0.065 0.039 0.480 1.004 1.385 0.860 0000 Image flaw
16414163+3627407 250.423477  36.461319  59.009373  40.911896  3.876  3.963  4.478  3.854  3.941  4.452 0.015 0.015 0.015 0.015 0.015 0.015 0.017 2.288 2.477 1.000 Z000 Globular cluster in MW (M 13)
16455434-2327189 251.476486 -23.455297 356.784729  14.103569 10.667 11.062 11.787 10.158 11.044 11.779 0.074 0.050 0.040 0.076 0.088 0.078 0.606 1.650 2.031 0.680 0666 Piece of galaxy 16455463-2327059
16470361-0200160 251.764984  -2.004474  15.636157  26.321411 11.180 10.818 11.839 11.180 10.818 11.839 0.109 0.044 0.045 0.056 0.023 0.028 0.179 1.455 1.455 0.500 0313 Globular cluster in MW (NGC 6218)
16535723-1617280 253.488327 -16.291050   3.897389  16.922152 11.323 11.502 12.027 11.096 11.487 12.027 0.071 0.055 0.042 0.070 0.223 0.205 0.750 1.318 1.624 0.400 0111 Piece of galaxy 16535677-1617227 
16564292-6224213 254.178940 -62.405903 327.470428 -11.903718 10.475 10.742 11.399 10.475 10.742 11.399 0.070 0.049 0.038 0.035 0.025 0.022 0.135 1.683 1.683 0.320 0222 Piece of galaxy 16564489-6224112 
17010950+2040273 255.289749  20.674213  40.945549  33.118614 11.376 11.706 12.393 11.231 11.611 12.261 0.051 0.044 0.033 0.047 0.048 0.037 0.064 1.283 1.497 0.480 0000 Piece of galaxy 17010989+2040239
17145166+1359537 258.715240  13.998289  35.150753  27.614908  9.412  9.788 11.198  9.412  9.788 11.198 0.089 0.087 0.121 0.045 0.044 0.068 0.141 1.969 1.969 0.420 0222 Image flaw
17155815+1413467 258.992432  14.229804  35.511166  27.460827 10.142 10.867 11.054 10.142 10.867 11.054 0.085 0.096 0.047 0.043 0.051 0.026 0.128 1.916 1.917 0.720 0666 Image flaw
17162958+0625518 259.123352   6.431054  27.736834  24.020491 11.042 11.320 12.111 10.854 11.143 12.007 0.089 0.055 0.046 0.074 0.053 0.059 0.155 1.415 1.625 0.760 0666 Piece of galaxy 17163057+0625551
17274586-0504120 261.941101  -5.070008  18.420860  16.034792 10.693 10.815 11.293 10.638 10.815 11.284 0.095 0.061 0.045 0.090 0.058 0.051 0.751 1.435 1.592 0.880 0222 Globular cluster in MW (NGC 6366)
17291677-6226501 262.319977 -62.447250 329.583649 -15.059939 11.266 11.486 12.249 11.266 11.486 12.249 0.110 0.078 0.063 0.058 0.046 0.041 0.084 1.621 1.621 0.520 0222 Piece of galaxy 17290966-6226447 
17465074+2045440 266.711517  20.762257  45.297497  23.147060 10.949 11.146 11.882 10.578 10.792 11.644 0.092 0.047 0.042 0.094 0.054 0.058 0.087 1.618 1.980 0.480 0666 Piece of galaxy 17465132+2045400
17471057-6438512 266.794037 -64.647545 328.544495 -17.855007 11.358 11.473 11.995 10.939 10.993 11.485 0.105 0.070 0.044 0.106 0.072 0.047 0.070 1.338 1.715 0.340 0666 Piece of galaxy 17470919-6438192
17471068-6438207 266.794464 -64.639084 328.552582 -17.851456  9.604  9.801 10.311  9.604  9.801  9.851 0.051 0.040 0.026 0.025 0.020 0.040 0.070 1.810 2.193 0.540 0111 Piece of galaxy 17470919-6438192
18120556+2909065 273.023193  29.151888  55.945885  20.787642 10.347 10.660 11.360 10.347 10.660 11.360 0.033 0.030 0.020 0.017 0.015 0.011 0.090 1.732 1.732 0.180 0333 Piece of galaxy 18120554+2909212
18122066+3937478 273.086182  39.629993  66.728554  24.028852 11.277 11.460 12.218 11.064 11.164 11.919 0.067 0.035 0.028 0.058 0.031 0.028 0.029 1.360 1.602 0.420 0222 Piece of galaxy 18122179+3937588
18183001-5212461 274.625061 -52.212822 342.138306 -16.394920  8.718  8.359  9.342  8.718  8.359  9.342 0.042 0.029 0.022 0.021 0.014 0.031 0.108 2.040 2.140 0.520 0666 Globular cluster in MW (NGC 6584)
18225972+4339469 275.748749  43.662907  71.559875  23.235931 11.445 11.722 12.491 11.445 11.722 12.491 0.058 0.027 0.026 0.032 0.016 0.017 0.056 1.318 1.318 0.380 0111 Piece of galaxy 18225934+4339383
18231768-4308580 275.823578 -43.149403 351.043457 -13.433263 10.269 10.568 11.382 10.269 10.568 11.382 0.055 0.039 0.036 0.027 0.020 0.021 0.068 1.651 1.652 0.300 0666 Piece of galaxy 18231787-4308330
18275225-5312286 276.967621 -53.208229 341.739685 -18.085951 10.879 11.071 11.869 10.878 10.966 11.868 0.071 0.047 0.038 0.076 0.044 0.052 0.095 1.500 1.646 0.340 0222 Piece of galaxy 18275181-5312361
18533628-5643133 283.401215 -56.720364 339.426758 -22.694645 11.730 12.083 12.817 11.590 12.017 12.689 0.083 0.051 0.047 0.080 0.059 0.055 0.081 1.248 1.467 0.460 0222 Piece of galaxy 18533694-5643078
18564351+2514134 284.181396  25.237123  56.206100  10.127893 10.915 11.224 11.946 10.749 11.082 11.753 0.066 0.046 0.037 0.055 0.046 0.038 0.262 1.408 1.600 0.360 0111 Piece of galaxy 18564396+2514139
18565303-5433077 284.221008 -54.552212 341.824524 -22.564789 11.487 11.618 12.340 11.414 11.614 12.340 0.118 0.068 0.058 0.115 0.077 0.038 0.085 1.367 1.566 1.000 0666 Piece of galaxy 18565595-5432435
19112359-5038309 287.848297 -50.641983 346.550201 -23.681093 10.023 10.239 11.064  9.936 10.192 11.042 0.043 0.035 0.028 0.041 0.034 0.031 0.070 1.519 1.692 0.760 0666 Piece of galaxy 19112575-5038319
19134442-1849346 288.435059 -18.826309  18.338251 -13.237523 11.496 11.724 12.435 11.496 11.720 12.435 0.070 0.043 0.035 0.082 0.093 0.024 0.112 1.403 1.567 0.240 0000 Piece of galaxy 19134486-1849247
19151537-5407299 288.813995 -54.124977 342.980225 -25.061220  9.799 10.085 10.836  9.799 10.085 10.836 0.029 0.023 0.019 0.015 0.011 0.010 0.061 1.667 1.666 0.320 0666 Piece of galaxy 19151617-5407569
19213108+6108554 290.379486  61.148678  92.313370  20.070959 10.016 10.351 11.109  9.976 10.271 11.043 0.028 0.019 0.016 0.029 0.020 0.018 0.068 1.550 1.719 0.400 0666 Piece of galaxy 19213081+6108413
19215480+3558451 290.478210  35.979401  68.415909   9.927721 11.441 11.837 12.591 11.314 11.729 12.371 0.060 0.044 0.038 0.056 0.049 0.048 0.144 1.316 1.527 0.340 0111 Piece of galaxy 19215458+3558494
19242069-2559079 291.086243 -25.985552  12.507410 -18.316170 11.637 11.832 12.600 11.102 11.398 12.266 0.125 0.099 0.076 0.096 0.091 0.083 0.088 1.453 1.704 0.400 0222 Piece of galaxy 19241998-2559062
19351506-6252474 293.812592 -62.879780 333.669586 -28.877287 11.388 12.511 12.847 11.388 12.511 12.847 0.263 0.324 0.214 0.143 0.234 0.151 0.067 1.655 1.655 1.000 0111 Star
19393837-3055582 294.909851 -30.932789   8.798809 -23.189045 11.577 11.658 12.455 11.108 11.629 12.455 0.102 0.064 0.046 0.075 0.079 0.031 0.138 1.505 1.692 0.580 0131 Globular cluster in MW (NGC 6809)
19403999-6002523 295.166504 -60.047867 336.953949 -29.327187 10.757 11.131 11.874 10.671 11.059 11.782 0.047 0.036 0.029 0.043 0.037 0.033 0.085 1.539 1.712 0.400 0666 Piece of galaxy 19403884-6002535
19433383-5838227 295.890961 -58.639732 338.598206 -29.591087 11.368 11.603 12.186 11.197 11.061 11.631 0.066 0.045 0.033 0.061 0.033 0.025 0.064 1.199 1.430 0.160 0311 Piece of galaxy 19433447-5839207
19473286-1006451 296.886932 -10.112674  30.087101 -17.003590 11.179 11.479 12.207 11.009 11.308 12.000 0.089 0.062 0.047 0.076 0.060 0.048 0.234 1.346 1.569 0.560 0222 Piece of galaxy 19473300-1006561
19540414+4956388 298.517273  49.944096  83.755463  11.212207 11.696 12.034 12.658 11.647 11.835 12.658 0.072 0.054 0.042 0.077 0.055 0.029 0.183 1.487 1.691 0.360 0222 Piece of galaxy 19540248+4956163
20033564-4817211 300.898376 -48.289173 350.892883 -31.585499  9.920 10.160 10.792  9.710 10.160 10.792 0.043 0.030 0.021 0.050 0.027 0.012 0.047 1.562 1.857 0.560 0555 Piece of galaxy 20033440-4817042
20102369+4627398 302.598633  46.461048  82.135574   7.093682 10.170 10.828 10.797 10.160 10.828 10.630 0.016 0.018 0.009 0.017 0.010 0.012 0.605 0.886 1.294 0.520 0000 Image flaw
20182151-4153586 304.589752 -41.899582 358.799408 -33.351547 11.422 11.607 12.206 11.421 11.604 12.206 0.066 0.052 0.034 0.071 0.132 0.047 0.061 1.398 1.563 0.360 0111 Piece of galaxy 20182212-4153472
20321946-1943568 308.080933 -19.732542  25.069407 -30.725319 11.128 11.521 12.241 10.927 11.296 12.241 0.076 0.065 0.041 0.065 0.063 0.026 0.058 1.318 1.574 0.780 0111 Piece of galaxy 20321881-1943586
21041082-1121481 316.045074 -11.363360  37.762245 -34.571171  8.758  9.464  9.362  8.748  9.456  9.325 0.009 0.010 0.004 0.009 0.011 0.004 0.106 1.307 1.515 0.740 0111 Planetary nebula
21183114+2626297 319.629791  26.441660  74.705750 -15.901031  9.582  9.815 10.506  9.582  9.815 10.506 0.042 0.030 0.023 0.021 0.015 0.012 0.122 1.599 1.599 0.160 0111 Piece of galaxy 21183304+2626486
21220675+1840003 320.528229  18.666716  69.131218 -21.673246 11.323 11.654 12.286 11.157 11.580 12.245 0.070 0.057 0.040 0.067 0.069 0.054 0.095 1.555 1.790 0.440 0666 Piece of galaxy 21220752+1839563
21463810+0817407 326.658752   8.294623  64.607643 -32.940235 11.586 11.988 12.572 11.231 11.524 12.325 0.102 0.062 0.044 0.094 0.059 0.055 0.075 1.270 1.582 0.620 0222 Piece of galaxy 21463696+0817329
22075609+3121129 331.983734  31.353607  86.513725 -19.719736  9.979 10.229 10.820  9.979 10.229 10.820 0.050 0.027 0.021 0.025 0.013 0.011 0.088 1.598 1.597 1.000 0666 Piece of galaxy 22075242+3121329
22174168-2343387 334.423584 -23.727480  29.800119 -55.253689 11.088 11.434 12.070 10.888 11.244 11.922 0.071 0.054 0.033 0.060 0.053 0.039 0.033 1.405 1.635 0.680 0222 Piece of galaxy 22174125-2343517
22372793+1031437 339.366455  10.528827  77.610626 -40.269840 11.249 11.529 12.246 11.248 11.528 12.246 0.076 0.061 0.039 0.078 0.071 0.025 0.083 1.458 1.613 0.360 0666 Piece of galaxy 22372929+1031537
22523210+1139352 343.133850  11.659764  82.386711 -41.664722 11.642 11.907 12.599 11.180 10.869 11.770 0.106 0.071 0.055 0.103 0.046 0.045 0.071 1.283 1.655 0.520 0626 Piece of galaxy 22523271+1139432 
22532041+3207529 343.335114  32.131363  95.655594 -24.411051 10.473 10.822 11.474 10.473 10.822 11.474 0.054 0.037 0.026 0.027 0.020 0.016 0.069 1.547 1.547 0.460 0000 Piece of galaxy 22532085+3207507
22562526+3614231 344.105225  36.239834  98.360077 -21.084316 11.376 11.630 12.362 11.268 11.624 12.245 0.065 0.046 0.032 0.061 0.054 0.044 0.117 1.407 1.598 0.280 0111 Piece of galaxy 22562484+3614299
23010728+1622581 345.280273  16.382792  88.119194 -38.918789 10.106 10.322 10.959 10.106 10.322 10.959 0.052 0.028 0.022 0.026 0.014 0.012 0.077 1.576 1.576 0.600 0222 Piece of galaxy 23010651+1623181
23120356+4849058 348.014832  48.818264 106.569679 -10.870508 11.649 11.799 12.685 11.368 11.538 12.249 0.054 0.037 0.036 0.053 0.038 0.042 0.232 1.396 1.641 0.220 0211 Piece of galaxy 23120355+4848596
23132742-8137400 348.364929 -81.627777 307.141998 -34.683769 11.409 11.652 12.381 10.963 11.511 12.246 0.097 0.071 0.054 0.107 0.116 0.097 0.165 1.394 1.835 0.580 0222 Piece of galaxy 23133292-8137300 
23432511+5537023 355.854980  55.617382 113.373360  -5.986826 11.566 11.861 12.529 11.566 11.859 12.499 0.065 0.048 0.045 0.338 0.204 0.177 0.504 1.255 1.451 0.440 0000 Piece of galaxy 23432588+5537050
23535429+0757368 358.476349   7.960322  99.241615 -52.245068 11.469 11.711 12.413 11.469 11.711 12.413 0.099 0.066 0.052 0.055 0.041 0.034 0.051 1.286 1.286 0.720 0666 Piece of galaxy 23535389+0758138
