# The 2MASS Redshift Survey
# Huchra et al., ApJS, in press
#
# http://tdc-www.harvard.edu/2mrs/
# catalog version 2.4, 2011 Dec 16
# maintained by Lucas Macri, lmacri@tamu.edu
#
# Entries in original input catalogs that have been rejected -- galaxies with severely compromised photometry due to stars. Targeted for reprocessing at a later date. Corresponds to Table A4 in paper.
#
#ID               RAdeg      DECdeg       l          b        k_c    h_c    j_c    k_tc   h_tc   j_tc  e_k   e_h   e_j   e_kt  e_ht  e_jt   e_bv r_iso r_ext  b/a  flgs Comments
00093966+5301008   2.415327  53.016827 116.586746  -9.339333 11.502 11.784 12.538 11.363 11.694 12.451 0.063 0.052 0.043 0.059 0.058 0.053 0.376 1.210 1.438 0.680 0000 Galaxy+star
00112204+0623372   2.841843   6.393631 105.343781 -55.103828 10.853 11.213 11.892 10.853 11.213 11.892 0.067 0.049 0.036 0.034 0.028 0.022 0.067 1.367 1.367 0.800 0666 Galaxy with severely compromised photometry
00151096-2352551   3.795650 -23.881960  52.577480 -81.202030 10.870 11.084 11.706 10.404 10.552 11.706 0.081 0.053 0.036 0.064 0.043 0.022 0.021 1.531 1.793 0.380 0111 Galaxy with severely compromised photometry
00203715+2839334   5.154780  28.659270 114.800310 -33.725300 11.167 11.573 12.286 10.905 11.354 11.982 0.052 0.043 0.033 0.049 0.048 0.038 0.039 1.318 1.607 0.600 0331 Galaxy with severely compromised photometry
00244982-4021070   6.207748 -40.352127 323.838074 -75.677353 11.662 12.102 13.034 11.568 11.952 12.866 0.070 0.052 0.044 0.068 0.056 0.052 0.016 1.332 1.536 0.200 0000 Galaxy with severely compromised photometry
00271148+5103476   6.797798  51.063232 119.046852 -11.625392 11.537 11.894 12.581 11.308 11.706 12.290 0.057 0.045 0.036 0.057 0.053 0.042 0.166 1.188 1.503 0.560 0331 Galaxy+star
00293249+5150575   7.385430  51.849250 119.491720 -10.876050 11.160 11.540 12.274 11.159 11.540 12.274 0.056 0.044 0.037 0.086 0.086 0.050 0.162 1.533 1.676 0.320 0666 Galaxy with severely compromised photometry
00350737+4929082   8.780820  49.485610 120.210500 -13.299780 11.652 12.125 12.686 11.311 11.710 12.273 0.081 0.070 0.047 0.083 0.078 0.054 0.162 1.265 1.604 0.440 0000 Galaxy with severely compromised photometry
00385467+0703458   9.727830   7.062710 117.414560 -55.674730  9.920 10.270 10.944  9.232 10.210 10.944 0.082 0.068 0.044 0.072 0.103 0.024 0.030 1.889 2.152 0.680 0333 Galaxy with severely compromised photometry
00452378+5353203  11.349114  53.889034 122.030815  -8.972013 11.695 12.331 12.834 11.139 11.542 12.145 0.086 0.088 0.060 0.115 0.112 0.104 0.408 1.143 1.620 0.920 0444 Galaxy+star
00580474-8140329  14.519740 -81.675840 302.636930 -35.448570 10.888 10.972 11.744  9.466 10.971 11.744 0.394 0.227 0.177 0.112 0.258 0.228 0.119 2.066 2.198 0.420 0111 Galaxy with severely compromised photometry
01074777+7312247  16.949270  73.206940 124.132230  10.373480 11.651 12.005 12.848 11.561 11.901 12.681 0.059 0.054 0.051 0.061 0.062 0.060 0.540 1.236 1.462 0.280 0313 Galaxy with severely compromised photometry
01115336+2743193  17.972370  27.722040 128.453640 -34.930250 11.595 12.162 12.792 11.276 11.779 12.318 0.086 0.072 0.052 0.085 0.079 0.056 0.051 1.230 1.551 0.740 0313 Galaxy with severely compromised photometry
01422276-1317152  25.594800 -13.287500 166.152050 -71.742070 11.373 11.848 12.483 11.373 11.848 12.483 0.065 0.050 0.035 0.035 0.031 0.023 0.019 1.417 1.416 0.580 0333 Galaxy with severely compromised photometry
01551704+5507250  28.820763  55.123482 132.039841  -6.615124 11.608 11.806 12.496 11.544 11.650 12.306 0.066 0.047 0.038 0.069 0.049 0.042 0.352 1.049 1.327 0.620 0000 Galaxy+star
01564822+3559412  29.200980  35.994820 137.481750 -25.023170  7.096  7.325  7.878  7.093  7.325  7.878 0.002 0.001 0.001 0.001 0.001 0.001 0.089 1.493 1.681 0.440 0111 Galaxy with severely compromised photometry
02021375-6926541  30.557320 -69.448320 294.023650 -46.436290  9.732 10.018 10.683  9.207 10.018 10.683 0.088 0.070 0.050 0.075 0.098 0.027 0.028 1.886 2.102 0.600 0331 Galaxy with severely compromised photometry
02113146+5112023  32.880850  51.200780 135.502520  -9.705670 11.055 11.162 11.647 11.055 11.162 11.647 0.021 0.014 0.010 0.011 0.008 0.006 0.166 1.152 1.152 0.320 0000 Galaxy with severely compromised photometry
02142526+4934260  33.605152  49.573975 136.469437 -11.103979 11.385 11.759 12.463 11.252 11.542 12.185 0.047 0.037 0.031 0.044 0.037 0.032 0.211 1.140 1.387 0.700 0000 Galaxy+star
02210796-0259054  35.283160  -2.984740 168.412840 -57.706390 11.326 12.039 13.103 10.827 12.035 13.101 0.085 0.080 0.075 0.071 0.120 0.127 0.026 1.619 1.903 0.160 0000 Galaxy with severely compromised photometry
02213090+7038118  35.378740  70.636620 130.320160   9.068220  9.758  9.971 10.620  9.621  9.853 10.499 0.042 0.046 0.035 0.036 0.041 0.035 0.963 1.664 1.823 0.360 0222 Galaxy with severely compromised photometry
02343012+1935176  38.625440  19.588170 153.796220 -37.030820 11.586 11.999 12.892 11.586 11.999 12.892 1.323 1.014 0.892 0.752 0.660 0.634 0.105 2.079 2.079 1.000 0111 Galaxy with severely compromised photometry
02575308+1301508  44.471240  13.030830 164.343600 -39.464470 10.846 11.249 11.869 10.391 10.776 11.407 0.073 0.060 0.040 0.075 0.070 0.052 0.163 1.464 1.809 0.600 0000 Galaxy with severely compromised photometry
03154885+4820359  48.953720  48.343372 146.217148  -7.892225 11.671 11.893 12.694 11.415 11.636 12.421 0.079 0.064 0.064 0.075 0.070 0.073 0.587 1.394 1.647 0.200 0000 Galaxy+star
03175766-4414175  49.490280 -44.238170 252.934780 -56.079060 10.937 11.418 12.062 10.461 11.055 11.687 0.066 0.046 0.040 0.070 0.062 0.057 0.012 1.462 1.821 0.520 0333 Galaxy with severely compromised photometry
03372681+0336579  54.361740   3.615970 181.958470 -39.527810 11.316 12.392 13.955 11.316 12.392 13.955 1.138 1.257 2.114 9.999 0.895 9.999 0.146 2.079 2.177 1.000 0111 Galaxy with severely compromised photometry
03472142+4702325  56.839230  47.042355 151.338348  -5.894871 11.660 11.911 12.613 11.599 11.819 12.563 0.046 0.035 0.032 0.050 0.042 0.042 0.554 1.029 1.314 0.680 0333 Galaxy+star
04002219+3839233  60.092575  38.656414 158.634964 -10.782631 10.163 10.430 11.132 10.065 10.283 11.051 0.033 0.032 0.029 0.030 0.038 0.031 0.960 1.462 1.645 0.260 0303 Galaxy+star
04032320+6413437  60.846775  64.228783 142.007751   8.722571 11.651 11.886 12.565 11.501 11.822 12.316 0.066 0.060 0.049 0.067 0.074 0.055 0.767 1.143 1.392 0.620 0333 Galaxy+star
04161343+6338240  64.055893  63.639931 143.455185   9.261617 11.011 11.214 11.738 10.744 11.083 11.578 0.057 0.048 0.037 0.065 0.071 0.057 0.970 1.158 1.542 0.940 0333 Galaxy+star
04215910+3548260  65.496338  35.807251 163.794174  -9.859797 11.588 11.796 12.488 11.432 11.593 12.272 0.072 0.058 0.047 0.073 0.062 0.054 0.618 1.170 1.410 0.820 0333 Galaxy+star
04222778-5620043  65.615940 -56.334550 266.031860 -42.694760 10.466 10.720 11.412 10.138  9.808 11.024 0.076 0.054 0.042 0.069 0.029 0.042 0.021 1.633 1.890 0.420 0000 Galaxy with severely compromised photometry
04373684-5950010  69.403550 -59.833650 269.832150 -39.850420 11.598 13.322 13.838 11.365 13.322 13.827 0.110 0.217 0.145 0.102 0.189 0.233 0.022 1.322 1.561 0.760 0000 Galaxy with severely compromised photometry
04392802+5519023  69.866562  55.317307 151.593414   5.692831 10.431 10.621 11.058 10.431 10.621 11.058 0.039 0.032 0.023 0.102 0.018 0.050 0.701 1.603 1.753 0.260 0000 Galaxy+star
04392916-6214108  69.871510 -62.236330 272.752110 -38.992020  8.395 10.139 13.045  8.395 10.139 13.045 0.094 0.288 1.188 0.047 0.144 0.859 0.025 2.041 2.041 0.340 0122 Galaxy with severely compromised photometry
05041545+2738121  76.064300  27.636870 175.976090  -8.274520 11.353 11.440 11.963 11.293 11.312 11.950 0.042 0.033 0.026 0.047 0.036 0.043 0.957 1.079 1.340 0.700 0333 Galaxy with severely compromised photometry
05141021-0608526  78.542560  -6.148000 207.173310 -24.406550 10.427 10.469 11.306 10.427 10.469 11.306 0.277 0.164 0.144 0.139 0.083 0.085 0.159 2.067 2.067 0.220 0111 Galaxy with severely compromised photometry
05170834+1237462  79.284775  12.629502 190.317734 -14.337517 10.890 11.073 11.671 10.602 10.777 11.386 0.045 0.035 0.026 0.055 0.045 0.036 0.654 1.220 1.612 0.740 0000 Galaxy+star
05315499+4338482  82.979195  43.646851 166.059448   5.493347 11.198 11.521 12.351 11.136 11.385 12.202 0.054 0.042 0.040 0.052 0.044 0.046 0.547 1.326 1.541 0.240 0333 Galaxy+star
05364297+1337381  84.179184  13.627284 192.028854  -9.764224 10.880 11.098 11.717 10.610 10.758 11.385 0.050 0.027 0.022 0.053 0.031 0.028 0.461 1.204 1.569 0.920 0331 Galaxy+star
05452760-2555505  86.365000 -25.930720 230.483960 -25.254660 10.289 10.554 11.260 10.289 10.554 11.102 0.060 0.036 0.028 0.120 0.054 0.028 0.025 1.755 1.879 0.320 0000 Galaxy with severely compromised photometry
05471648+0120075  86.818497   1.335307 204.250504 -13.605311 10.809 10.968 11.526 10.679 10.799 11.372 0.050 0.037 0.028 0.045 0.036 0.033 0.722 1.233 1.487 0.820 0313 Galaxy+star
05562235+0749432  89.093170   7.828640 199.560806  -8.493602 10.965 11.277 11.861 10.859 11.217 11.827 0.066 0.047 0.045 0.059 0.050 0.054 0.467 1.201 1.441 0.540 0000 Galaxy+star
06004329-0952034  90.180359  -9.867604 216.142471 -15.699765  9.555  9.965 10.851  9.498  9.817 10.642 0.021 0.020 0.020 0.020 0.022 0.023 0.981 1.193 1.444 0.600 0000 Galaxy+star
06022337+0541362  90.597310   5.693400 202.179200  -8.212860 11.361 12.623 13.192 10.918 12.613 13.192 0.096 0.157 0.122 0.098 0.320 0.252 0.449 1.441 1.795 0.740 0333 Galaxy with severely compromised photometry
06030431+0641304  90.767906   6.691847 201.375717  -7.586538 11.176 11.410 11.962 11.126 11.227 11.775 0.057 0.040 0.032 0.056 0.040 0.035 0.418 1.117 1.371 0.560 0000 Galaxy+star
06060859-6248055  91.535710 -62.801610 272.092930 -29.041260 11.448 11.885 12.590 11.055 11.836 12.131 0.098 0.071 0.053 0.102 0.114 0.064 0.053 1.334 1.684 0.620 0333 Galaxy with severely compromised photometry
06090130-1042517  92.255524 -10.714320 217.844650 -14.222734 10.751 10.931 11.512 10.688 10.847 11.410 0.041 0.022 0.017 0.037 0.023 0.019 0.472 1.201 1.436 0.480 0333 Galaxy+star
06111689-6609210  92.820210 -66.155900 275.951420 -28.671180 11.234 11.414 12.050 11.182 11.414 12.050 0.237 0.145 0.097 0.208 0.148 0.107 0.068 1.861 1.867 0.340 0111 Galaxy with severely compromised photometry
06165166-4747434  94.215210 -47.795350 255.648680 -25.317260 11.719 12.021 12.839 11.238 11.488 12.256 0.089 0.068 0.055 0.103 0.083 0.070 0.050 1.255 1.672 0.440 0331 Galaxy with severely compromised photometry
06262045-5341358  96.585220 -53.693260 262.373630 -25.153790  9.798 10.095 10.827  9.623  9.968 10.706 0.041 0.033 0.025 0.037 0.030 0.026 0.094 1.620 1.804 0.620 0000 Galaxy with severely compromised photometry
06275421+2246238  96.975922  22.773317 190.023209   5.301014 11.315 11.610 12.330 11.197 11.475 12.150 0.060 0.052 0.039 0.056 0.056 0.043 0.407 1.173 1.414 0.780 0333 Galaxy+star
06350343+2231160  98.764280  22.521090 191.001240   6.658030 10.657 10.975 11.699 10.205 10.564 11.220 0.065 0.047 0.037 0.068 0.057 0.048 0.208 1.539 1.879 0.520 0333 Galaxy with severely compromised photometry
06372072+1829486  99.336494  18.496935 194.856873   5.324719 11.602 11.948 12.701 11.458 11.760 12.519 0.069 0.053 0.049 0.069 0.059 0.058 0.496 1.083 1.348 0.820 0333 Galaxy+star
06401291-0802132 100.053870  -8.037050 218.839420  -6.135890 11.471 12.022 12.563 10.966 11.374 12.362 0.095 0.086 0.068 0.130 0.125 0.154 0.607 1.173 1.638 0.720 0333 Galaxy with severely compromised photometry
06421768+3934302 100.573982  39.574875 175.901474  15.256799 11.653 12.033 12.588 11.393 11.819 12.197 0.052 0.037 0.031 0.061 0.052 0.039 0.115 1.072 1.469 0.680 0333 Galaxy+star
06430449+2918153 100.768810  29.304340 185.615390  11.237070 11.255 11.653 12.325 11.030 11.650 12.325 0.076 0.065 0.045 0.063 0.073 0.053 0.116 1.565 1.709 0.520 0044 Galaxy with severely compromised photometry
07225814-0357344 110.742230  -3.959490 220.075180   5.179800  9.885 10.052 10.632  9.542 10.048 10.626 0.028 0.019 0.015 0.045 0.046 0.215 0.191 1.297 1.774 0.320 0113 Galaxy+star
07264143+3723288 111.672569  37.391365 181.229813  22.658415 10.749 10.991 11.657 10.563 10.910 11.614 0.043 0.033 0.026 0.039 0.035 0.032 0.056 1.297 1.555 0.900 0000 Galaxy+star
07354753+1506504 113.948110  15.114080 204.088910  16.507620 11.731 12.235 12.876 11.187 11.759 12.564 0.095 0.090 0.064 0.121 0.143 0.122 0.054 1.233 1.679 0.640 0331 Galaxy with severely compromised photometry
07472609-5458312 116.858800 -54.975330 267.823790 -14.468140 11.439 11.632 12.486 10.956 11.555 12.480 0.148 0.103 0.091 0.102 0.113 0.119 0.179 1.702 1.851 0.320 0331 Galaxy with severely compromised photometry
07592535-4217042 119.855408 -42.284512 257.520050  -6.565056 11.210 11.622 12.148 11.148 11.613 11.985 0.058 0.047 0.040 0.057 0.056 0.045 0.680 1.217 1.446 0.400 0444 Galaxy+star
08053779-0058174 121.407450  -0.971610 222.519610  15.981780 10.986 11.425 12.179 10.692 11.219 11.762 0.073 0.053 0.039 0.076 0.069 0.046 0.032 1.265 1.612 0.880 0333 Galaxy with severely compromised photometry
08055980+2621177 121.499260  26.354830 195.629170  27.213990 11.652 12.193 12.545 11.652 12.193 12.545 0.865 0.579 0.372 9.999 0.960 0.624 0.041 2.079 2.177 1.000 0666 Galaxy with severely compromised photometry
08160947+1146552 124.039530  11.781890 211.648730  24.072010 11.302 15.822 12.831 10.904 15.822 12.297 0.098 2.186 0.072 0.096 9.999 0.082 0.026 1.382 1.695 0.740 0000 Galaxy with severely compromised photometry
08362494-1922430 129.103836 -19.378639 242.780472  12.706523 11.345 11.711 12.253 10.891 11.343 12.035 0.093 0.057 0.039 0.112 0.084 0.070 0.098 1.288 1.707 0.800 0333 Galaxy+star
08420888+2245057 130.537020  22.751620 202.601070  33.888270 11.098 11.468 12.047 11.098 11.468 12.047 0.962 0.671 0.429 0.994 0.732 0.548 0.040 2.079 2.175 1.000 0222 Galaxy with severely compromised photometry
08442894-3141307 131.120530 -31.691800 253.921880   6.835120  6.665  7.177  7.641  6.661  7.175  7.637 0.002 0.002 0.001 0.002 0.002 0.001 0.257 1.591 1.766 0.760 0000 Galaxy with severely compromised photometry
10244248-3918213 156.177030 -39.305890 274.301330  15.273180 10.805 11.346 12.287 10.467 10.929 11.803 0.013 0.012 0.012 0.009 0.010 0.010 0.102 0.699 0.981 0.420 0000 Galaxy with severely compromised photometry
10303824-2837137 157.659420 -28.620440 269.045260  24.832630 11.312 12.046 12.191 11.312 12.046 12.191 1.067 0.812 0.526 9.999 9.999 0.678 0.064 2.023 2.124 1.000 0222 Galaxy with severely compromised photometry
10550025-1936074 163.751130 -19.602010 268.714510  35.418440 11.127 11.608 12.324 10.808 11.281 12.080 0.067 0.054 0.040 0.064 0.060 0.053 0.038 1.320 1.632 0.880 0000 Galaxy with severely compromised photometry
11011449-2243525 165.310420 -22.731340 272.173460  33.476130 11.625 12.159 12.885 11.073 11.878 12.774 0.107 0.083 0.062 0.133 0.154 0.168 0.068 1.279 1.707 0.760 0333 Galaxy with severely compromised photometry
11302381-1434526 172.599260 -14.581300 275.221620  43.886850 11.333 11.887 12.479 10.857 11.686 12.248 0.135 0.080 0.068 0.092 0.082 0.073 0.041 1.373 1.558 0.740 0333 Galaxy with severely compromised photometry
11484864+0959446 177.202650   9.995820 259.211210  67.384250 11.496 11.668 12.328 11.058 11.668 12.328 0.197 0.111 0.084 0.135 0.131 0.055 0.036 1.653 1.742 0.360 0000 Galaxy with severely compromised photometry
11494575-1218495 177.440690 -12.313780 280.175840  47.814270 11.706 12.292 12.991 11.248 12.272 12.417 0.105 0.081 0.073 0.110 0.150 0.088 0.042 1.356 1.719 0.640 0133 Galaxy with severely compromised photometry
12110210-5405484 182.758740 -54.096750 296.966030   8.306340 11.654 11.945 12.608 11.170 11.667 12.136 0.114 0.080 0.068 0.134 0.127 0.096 0.207 1.276 1.693 0.640 0133 Galaxy with severely compromised photometry
12272999+0849295 186.874980   8.824860 284.635960  70.841360 11.259 11.671 12.325 11.257 11.670 12.324 0.095 0.066 0.051 0.121 0.168 0.103 0.024 1.487 1.645 0.360 0000 Galaxy with severely compromised photometry
12304271+1221352 187.677930  12.359750 283.715330  74.452940 10.790 10.825 11.575 10.789 10.825 11.568 0.081 0.059 0.039 0.080 0.031 0.047 0.023 1.584 1.720 0.440 0222 Galaxy with severely compromised photometry
12544100-2913397 193.670930 -29.227680 303.782470  33.638690  9.982 10.252 10.981  9.856 10.118 10.848 0.043 0.029 0.022 0.039 0.026 0.022 0.081 1.400 1.593 0.940 0000 Galaxy+star
12553600-3020509 193.900010 -30.347530 303.996770  32.515590 10.370 10.672 11.362  9.796 10.128 10.902 0.065 0.045 0.036 0.081 0.060 0.058 0.086 1.554 1.934 0.520 0131 Galaxy with severely compromised photometry
13102904-5618221 197.621094 -56.306160 305.588257   6.467340 11.167 11.314 11.880 11.166 11.314 11.880 0.102 0.067 0.062 0.133 0.098 0.115 0.592 1.507 1.654 0.340 0222 Galaxy+star
13132745-4322565 198.364350 -43.382490 307.168520  19.308050 10.354 10.558 11.229 10.258 10.436 11.131 0.051 0.030 0.025 0.045 0.027 0.026 0.136 1.500 1.677 0.400 0000 Galaxy+star
13214691-1625114 200.445500 -16.419910 313.403380  45.833940  9.903 10.165 10.854  9.763 10.074 10.605 0.035 0.025 0.019 0.032 0.024 0.018 0.079 1.504 1.694 0.580 0333 Galaxy with severely compromised photometry
13251805-4137334 201.325360 -41.625940 309.692410  20.800860 10.880 11.192 11.743 10.880 11.192 11.743 1.079 0.632 0.467 0.540 0.357 0.286 0.115 2.079 2.079 1.000 0222 Galaxy with severely compromised photometry
13374997-2359412 204.458150 -23.994800 316.348970  37.665210 10.364 10.600 11.443 10.364 10.600 11.443 0.232 0.157 0.137 0.116 0.080 0.081 0.106 2.066 2.066 0.400 0000 Galaxy with severely compromised photometry
13513681+3759563 207.903340  37.998890  77.418680  73.339360 11.724 13.323 13.826 11.724 13.323 13.826 1.198 1.998 1.400 9.999 9.999 9.999 0.017 2.079 2.177 1.000 0222 Galaxy with severely compromised photometry
14284502+0042413 217.187560   0.711480 348.459500  54.741710 11.362 11.680 12.469 10.998 11.293 12.410 0.100 0.054 0.054 0.086 0.052 0.075 0.036 1.631 1.889 0.280 0133 Galaxy with severely compromised photometry
14463548-0846043 221.647930  -8.767910 344.822970  44.536810 10.709 11.081 11.835 10.439 10.742 11.602 0.071 0.051 0.041 0.061 0.047 0.045 0.086 1.498 1.750 0.640 0333 Galaxy with severely compromised photometry
14502202-2416455 222.591780 -24.279380 334.811220  31.129470 11.429 11.607 12.535 11.429 11.607 12.535 0.901 0.513 0.478 9.999 0.643 0.326 0.120 1.990 2.092 1.000 0112 Galaxy with severely compromised photometry
14535012-3721488 223.458860 -37.363520 328.331510  19.398650 11.693 12.153 12.767 11.458 12.153 12.732 0.092 0.072 0.054 0.089 0.122 0.076 0.071 1.365 1.631 0.400 0033 Galaxy with severely compromised photometry
15062599-4313575 226.608261 -43.232628 327.488739  13.110117 11.324 11.587 12.225 11.185 11.086 11.855 0.073 0.042 0.041 0.066 0.031 0.036 0.148 1.255 1.475 0.760 0111 Galaxy with severely compromised photometry
15303997-4438044 232.666630 -44.634700 330.447600   9.564010  9.275  9.362  9.884  9.275  9.362  9.884 0.013 0.010 0.007 0.007 0.005 0.004 0.275 1.310 1.309 0.500 0222 Galaxy+star
15340844-7655409 233.535310 -76.928000 311.797060 -16.948040 10.772 10.509 11.534 10.772 10.509 11.534 0.776 0.321 0.324 9.999 0.438 0.193 0.097 2.079 2.177 1.000 0122 Galaxy with severely compromised photometry
15441921-2419204 236.080030 -24.322390 345.924740  23.777440 10.452 10.480 10.737 10.447 10.372 10.727 0.021 0.013 0.008 0.683 0.011 0.605 0.343 1.161 1.380 0.440 0000 Galaxy+star
16013398+2614511 240.391660  26.247620  43.000290  47.782660 11.553 11.613 12.166 11.553 11.613 12.166 1.197 0.770 0.528 0.676 0.465 0.339 0.052 2.079 2.079 1.000 0122 Galaxy with severely compromised photometry
16031205-1319378 240.800310 -13.327130 358.117610  28.361760 11.065 11.573 12.253 10.556 11.458 12.014 0.087 0.049 0.046 0.087 0.083 0.075 0.180 1.371 1.744 0.720 0333 Galaxy with severely compromised photometry
16080647+2529073 242.027100  25.485390  42.392300  46.178160 10.583 10.942 11.690 10.133 10.942 11.690 0.092 0.057 0.050 0.065 0.066 0.065 0.057 1.806 1.966 0.480 0331 Galaxy with severely compromised photometry
16290971-7728096 247.290450 -77.469420 313.718260 -19.439000 11.618 12.144 12.864 11.173 11.547 12.820 0.106 0.098 0.076 0.129 0.113 0.153 0.132 1.312 1.685 0.660 0333 Galaxy with severely compromised photometry
16301116-5814486 247.546707 -58.246780 328.552124  -6.718888 11.500 11.814 12.480 11.109 11.804 12.432 0.087 0.071 0.069 0.116 0.152 0.152 0.374 1.161 1.638 0.780 0333 Galaxy+star
16381810-6421367 249.575520 -64.360200 324.596310 -11.521760  9.625  9.931 10.573  9.345  9.484 10.146 0.055 0.050 0.039 0.072 0.056 0.048 0.160 1.571 1.879 0.560 0555 Galaxy with severely compromised photometry
16551200-1329116 253.800079 -13.486631   6.478704  18.301567 11.708 11.928 12.647 11.583 11.848 12.438 0.075 0.060 0.052 0.078 0.072 0.060 0.640 1.111 1.368 0.680 0000 Galaxy+star
16581289-0038034 254.553757  -0.634223  18.531069  24.641500 11.658 12.080 12.760 11.220 11.499 12.279 0.086 0.066 0.057 0.112 0.085 0.085 0.349 1.352 1.801 0.360 0000 Galaxy with severely compromised photometry
17025816+3330284 255.742390  33.507930  56.127360  36.155380 11.176 11.691 12.578 11.176 11.691 12.578 0.859 0.704 0.599 0.915 0.787 0.832 0.028 2.079 2.177 1.000 0122 Galaxy with severely compromised photometry
17082670+1422352 257.111270  14.376410  34.841520  29.191980 11.727 12.406 13.693 11.727 12.406 13.693 0.095 0.103 0.117 0.056 0.073 0.095 0.134 1.336 1.336 0.500 0333 Galaxy with severely compromised photometry
17090171+1422190 257.257080  14.371940  34.900870  29.060500  9.491 10.468 11.907  9.491 10.468 11.907 0.063 0.100 0.122 0.031 0.051 0.077 0.141 1.828 1.828 0.700 0111 Galaxy with severely compromised photometry
17115310-2310113 257.971283 -23.169838   0.662062   9.493228 11.729 11.939 12.642 11.680 11.885 12.433 0.083 0.075 0.078 0.094 0.094 0.090 0.641 0.991 1.284 0.700 0333 Galaxy+star
17445915+6627478 266.246490  66.463303  96.323357  31.309624 11.039 11.551 99.999 10.976 11.550 14.100 0.041 0.033 9.999 0.037 0.038 0.029 0.043 1.107 1.366 1.000 024n Galaxy+star
17494097+5333541 267.420780  53.565130  81.293660  30.501820 10.917 11.250 12.026 10.664 10.939 11.693 0.050 0.041 0.032 0.052 0.045 0.038 0.037 1.228 1.577 0.860 0333 Galaxy with severely compromised photometry
17543888+6803287 268.661990  68.057980  98.124620  30.299580 10.842 11.265 11.947 10.839 11.265 11.458 0.057 0.037 0.028 0.081 0.021 0.022 0.051 1.442 1.628 0.460 0333 Galaxy with severely compromised photometry
18130143+5709199 273.256200  57.155440  85.807720  27.621000 10.582 10.859 11.528 10.453 10.792 11.466 0.037 0.031 0.022 0.034 0.031 0.024 0.042 1.579 1.748 0.380 0000 Galaxy with severely compromised photometry
18193109+6618383 274.879730  66.310710  96.186880  27.852950 11.063 11.374 12.031 10.700 11.374 11.900 0.152 0.110 0.073 0.101 0.064 0.074 0.044 1.708 1.798 0.380 0333 Galaxy with severely compromised photometry
18205551+3259271 275.231260  32.990840  60.489730  20.327110 11.629 12.092 12.496 11.629 12.092 12.496 0.998 0.774 0.473 9.999 9.999 0.625 0.057 2.079 2.177 1.000 0666 Galaxy with severely compromised photometry
18214796-5959341 275.449830 -59.992580 334.724180 -19.722350 11.641 11.904 12.863 11.639 11.904 12.713 0.049 0.035 0.032 0.070 0.044 0.038 0.101 1.000 1.320 0.560 0000 Galaxy with severely compromised photometry
18294495+4501155 277.437408  45.020962  73.341682  22.457205 10.982 11.264 11.903 10.852 11.140 11.729 0.042 0.031 0.021 0.038 0.032 0.023 0.053 1.204 1.461 0.760 0000 Galaxy+star
18421925+1742167 280.580139  17.704628  47.837570   9.926870 11.098 11.260 11.860 11.071 11.115 11.799 0.051 0.030 0.027 0.050 0.030 0.031 0.434 1.130 1.381 0.760 0313 Galaxy+star
18574439+2651306 284.435000  26.858500  57.795750  10.613360 11.485 11.946 12.595 11.069 11.639 12.260 0.075 0.072 0.052 0.085 0.103 0.078 0.197 1.246 1.637 0.840 0111 Galaxy with severely compromised photometry
19004514+1741359 285.188080  17.693340  49.772630   5.977380 11.248 11.570 12.489 11.144 11.373 12.222 0.078 0.054 0.069 0.075 0.058 0.075 0.624 1.453 1.679 0.140 0333 Galaxy with severely compromised photometry
19055341-2534425 286.472504 -25.578527  11.226508 -14.327056 11.628 11.853 12.467 11.587 11.737 12.319 0.053 0.033 0.030 0.055 0.036 0.033 0.206 0.982 1.257 0.820 0331 Galaxy+star
19112756+2112142 287.864838  21.204039  54.065067   5.309405 11.198 11.240 11.820 10.974 11.040 11.607 0.082 0.048 0.053 0.081 0.050 0.063 0.978 1.318 1.584 0.480 0333 Galaxy+star
19152093+2254593 288.837311  22.916475  56.008389   5.289386 11.090 11.230 11.962 10.933 11.064 11.840 0.082 0.063 0.068 0.072 0.063 0.080 0.837 1.452 1.639 0.280 0333 Galaxy+star
19162641+6222167 289.110168  62.371239  93.333359  21.042114 11.662 11.940 12.702 11.450 11.827 12.507 0.060 0.038 0.032 0.064 0.049 0.041 0.061 1.093 1.447 0.840 0333 Galaxy+star
19284099+4323034 292.170715  43.384357  75.767105  12.038020 11.681 12.077 12.774 11.398 11.801 12.572 0.084 0.059 0.047 0.091 0.073 0.067 0.114 1.158 1.515 0.700 0333 Galaxy+star
19320659+0624059 293.027496   6.401694  43.314983  -6.043927 11.087 11.308 11.980 10.963 11.192 11.888 0.070 0.061 0.055 0.062 0.062 0.063 0.374 1.250 1.474 0.660 0333 Galaxy+star
19502529-1045590 297.605440 -10.766360  29.784910 -17.922020 10.255 12.319 13.144 10.255 12.319 13.144 0.026 0.060 0.064 0.013 0.043 0.049 0.256 1.260 1.260 0.720 0044 Galaxy with severely compromised photometry
20003875-6907595 300.161500 -69.133240 326.400270 -31.356210 11.746 12.185 12.983 11.219 11.496 12.382 0.082 0.069 0.054 0.110 0.091 0.101 0.056 1.164 1.640 0.800 0000 Galaxy with severely compromised photometry
20030099+4055353 300.754180  40.926460  76.706390   5.284180 11.506 11.790 12.458 11.379 11.772 12.409 0.085 0.079 0.073 0.084 0.099 0.096 0.814 1.176 1.415 0.500 0333 Galaxy with severely compromised photometry
20034772-0548386 300.948914  -5.810830  36.003674 -18.728630 11.555 12.015 12.729 11.418 11.941 12.714 0.083 0.066 0.058 0.080 0.077 0.076 0.190 1.167 1.410 0.660 0313 Galaxy+star
20115976-4129464 302.998990 -41.496270 359.056820 -32.116040 11.748 11.988 13.002 11.306 11.541 12.559 0.116 0.087 0.076 0.087 0.070 0.069 0.049 1.371 1.557 0.600 0333 Galaxy with severely compromised photometry
20193212+2420110 304.883759  24.336374  64.675560  -6.671638 11.389 11.544 12.208 11.170 11.473 11.861 0.058 0.045 0.041 0.077 0.076 0.059 0.551 1.021 1.483 0.800 0333 Galaxy+star
20212069+2230211 305.336210  22.505810  63.375640  -8.035930 10.747 10.767 10.768 10.747 10.767 10.768 0.041 0.027 0.013 0.021 0.015 0.007 0.497 1.272 1.272 0.400 0222 Galaxy with severely compromised photometry
20231192+1137199 305.799683  11.622230  54.325172 -14.354168 11.748 11.959 12.672 11.651 11.573 12.213 0.070 0.040 0.037 0.080 0.040 0.037 0.154 1.090 1.434 0.400 0333 Galaxy+star
20354282+3155388 308.928345  31.927593  72.977180  -5.209072 11.286 11.474 11.976 11.179 11.394 11.893 0.069 0.058 0.047 0.067 0.067 0.057 0.905 1.188 1.426 0.660 0333 Galaxy+star
20472382-3825056 311.849270 -38.418280   3.931590 -38.410840  9.505  9.781 10.520  9.309  9.761 10.420 0.039 0.028 0.022 0.034 0.029 0.023 0.049 1.748 1.913 0.640 0133 Galaxy with severely compromised photometry
20482154-6131025 312.089870 -61.517270 334.546880 -37.448630 11.367 11.793 12.532 11.147 11.679 12.348 0.069 0.052 0.041 0.063 0.062 0.049 0.044 1.384 1.632 0.580 0333 Galaxy with severely compromised photometry
20483814+3151438 312.158783  31.862164  74.606544  -7.423522 11.538 11.758 12.270 11.428 11.612 12.143 0.078 0.048 0.041 0.076 0.052 0.047 0.324 1.262 1.477 0.380 0333 Galaxy+star
20510128-1710242 312.755432 -17.173370  29.777975 -33.948715 11.640 12.012 12.728 11.323 11.592 12.384 0.070 0.051 0.040 0.094 0.070 0.062 0.060 1.053 1.510 0.780 0000 Galaxy+star
21080312-4023357 317.013030 -40.393330   1.727260 -42.534320 10.631 10.912 11.356 10.631 10.912 11.356 0.065 0.042 0.026 0.033 0.022 0.015 0.041 1.766 1.766 0.200 0222 Galaxy with severely compromised photometry
21135465+0233487 318.477750   2.563620  53.522620 -29.827940 10.091 10.376 11.135 10.091 10.376 11.135 0.047 0.043 0.029 0.024 0.022 0.016 0.068 1.770 1.770 0.340 0311 Galaxy with severely compromised photometry
21300103+4036550 322.504303  40.615402  86.785431  -7.712602 11.462 11.683 12.287 11.402 11.575 12.138 0.061 0.038 0.033 0.063 0.041 0.038 0.557 1.041 1.317 0.620 0333 Galaxy+star
21325745-0619359 323.239441  -6.326692  47.412823 -38.558769 11.561 11.963 12.536 11.389 11.923 12.347 0.073 0.054 0.036 0.071 0.067 0.041 0.045 1.155 1.433 0.820 0000 Galaxy+star
21340823+0600366 323.534390   6.010110  60.198810 -31.946760 11.389 11.501 12.071 11.389 11.501 12.071 1.038 0.628 0.412 9.999 0.866 0.261 0.058 2.079 2.178 0.840 0111 Galaxy with severely compromised photometry
21355935+2402198 323.997380  24.038690  75.713190 -20.424380 11.654 11.816 12.381 11.631 11.816 12.364 0.043 0.034 0.023 0.140 0.305 0.028 0.082 1.215 1.418 0.360 0000 Galaxy with severely compromised photometry
21362777-0953236 324.115630  -9.889990  43.887170 -41.031760 10.967 11.390 12.066 10.802 11.153 11.869 0.063 0.051 0.036 0.054 0.048 0.038 0.041 1.276 1.514 0.820 0331 Galaxy with severely compromised photometry
21465245-2637237 326.718600 -26.623240  22.697870 -49.079040 11.272 11.602 12.148 10.678 11.156 11.600 0.076 0.055 0.033 0.078 0.070 0.043 0.030 1.462 1.843 0.360 0111 Galaxy with severely compromised photometry
22015330-5956437 330.472050 -59.945450 332.231410 -46.376710 11.202 11.564 12.272 10.775 11.437 11.919 0.082 0.061 0.046 0.081 0.091 0.062 0.039 1.364 1.722 0.720 0111 Galaxy with severely compromised photometry
22065763-3022414 331.740200 -30.378170  17.771560 -53.999080 11.434 11.617 12.439 11.434 11.617 12.439 0.134 0.067 0.060 0.073 0.040 0.040 0.019 1.439 1.439 0.620 0000 Galaxy with severely compromised photometry
22074578+4843504 331.940887  48.730602  97.194725  -5.788769 11.012 11.195 11.761 10.936 11.101 11.647 0.052 0.034 0.028 0.048 0.034 0.032 0.368 1.204 1.438 0.400 0000 Galaxy+star
22282096-8026398 337.087280 -80.444410 309.711980 -34.717210 10.421 10.414 11.138  9.902 10.410 10.842 0.104 0.063 0.046 0.076 0.070 0.050 0.124 1.766 1.953 0.980 0331 Galaxy with severely compromised photometry
22461535-5243269 341.564120 -52.724240 336.605440 -55.430130 11.584 12.035 12.748 11.584 12.035 12.748 0.087 0.055 0.047 0.049 0.036 0.033 0.013 1.494 1.494 0.300 0333 Galaxy with severely compromised photometry
22484014+5309449 342.167210  53.162490 105.030280  -5.388100  9.589  9.860 10.516  9.431  9.718 10.350 0.036 0.035 0.028 0.032 0.031 0.026 0.383 1.644 1.805 0.520 0331 Galaxy with severely compromised photometry
22533978+5005331 343.415924  50.092625 104.338615  -8.478860 11.504 11.903 12.578 11.424 11.787 12.456 0.057 0.051 0.040 0.060 0.061 0.053 0.244 1.314 1.520 0.240 0000 Galaxy+star
22591305+2941518 344.804440  29.697690  95.600330 -27.151280 11.754 12.256 12.966 11.228 11.692 12.646 0.076 0.070 0.055 0.099 0.102 0.106 0.048 1.228 1.685 0.660 0333 Galaxy with severely compromised photometry
23420033+5355053 355.501434  53.918198 112.722237  -7.571372 11.282 11.544 12.176 10.932 11.304 11.917 0.062 0.050 0.040 0.073 0.073 0.062 0.341 1.225 1.638 0.720 0333 Galaxy+star
23472909+5502481 356.871124  55.046753 113.789818  -6.685652 11.231 11.435 12.044 11.057 11.362 11.976 0.053 0.034 0.030 0.057 0.045 0.043 0.405 1.127 1.504 0.680 0000 Galaxy+star
23562523-2901242 359.105160 -29.023400  20.849380 -77.724490 10.036 10.381 11.111  9.598 10.379 11.109 0.125 0.102 0.080 0.083 0.099 0.089 0.017 1.974 2.070 0.480 0000 Galaxy with severely compromised photometry
